102
103
107
103
100
103
104
108
101
103
105
102
104
177
172
175
172
171
172
177
171
169
176
171
177
175
178
175
172
177
172
174
173
171
173
169
178
175
177
169
176
178
172
176
174
178
176
177
171
173
72
75
70
73
72
72
70
70
69
69
70
70
72
73
74
75
75
71
124
124
125
55
59
55
55
57
56
54
58
58
54
58
56
56
56
55
54
56
56
58
56
55
57
56
58
55
55
56
57
58
60
56
57
57
57
67
70
70
66
71
70
68
67
70
68
71
71
70
66
69
70
68
68
70
70
69
67
69
71
69
66
68
69
71
69
69
70
70
69
71
71
68
66
67
68
67
66
66
70
69
70
69
66
69
69
68
69
70
70
71
167
171
166
174
174
168
165
164
169
163
172
172
163
171
163
172
163
163
166
163
169
163
171
168
164
166
169
170
166
164
167
168
171
164
170
169
166
168
167
163
172
164
171
167
172
168
163
170
164
166
164
171
164
171
169
171
167
168
169
166
167
166
172
165
171
165
171
169
171
170
168
166
169
164
168
170
171
168
169
164
172
172
163
164
170
164
169
166
166
166
171
170
172
163
166
167
167
163
172
165
163
169
171
163
170
167
165
167
166
166
170
165
164
167
171
172
163
168
171
170
172
167
164
171
169
167
169
171
163
165
165
170
164
164
164
172
168
166
165
167
170
171
167
165
163
169
169
164
164
163
170
165
163
170
165
165
170
168
164
165
166
170
165
166
169
164
163
165
168
170
167
166
164
172
165
166
164
165
168
163
172
169
172
171
165
166
165
166
172
171
166
166
169
167
171
170
164
166
164
165
164
169
169
164
169
167
166
171
170
164
164
167
168
171
165
171
171
167
168
167
170
172
163
163
171
168
168
170
164
172
165
169
171
168
165
164
164
167
173
169
170
167
170
168
166
169
167
168
166
171
172
164
169
172
167
169
166
169
168
167
65
66
66
69
66
69
68
69
70
66
65
67
68
65
66
69
66
65
67
69
68
70
70
65
65
66
68
66
70
69
65
67
67
68
66
65
69
67
68
67
67
65
67
66
67
65
67
69
68
69
70
120
121
120
119
120
117
118
117
116
120
116
119
120
119
119
119
118
120
117
116
117
119
117
118
118
118
118
120
121
118
119
118
120
117
120
120
118
116
118
120
118
117
120
118
116
121
120
117
116
117
115
116
119
117
116
119
118
119
116
116
115
115
115
117
115
116
117
117
118
119
118
120
118
115
118
117
118
119
116
118
117
118
118
116
116
117
115
120
115
119
119
118
118
118
119
115
118
120
115
115
159
158
157
160
161
160
160
160
156
159
159
156
158
158
160
159
160
159
159
159
156
156
158
158
160
158
156
156
156
158
161
160
158
159
158
159
159
156
157
160
158
158
156
156
159
158
157
157
158
160
158
159
159
156
156
161
157
157
159
161
161
160
158
158
156
156
159
160
161
158
157
156
159
157
159
160
157
158
159
157
160
160
160
161
161
158
160
158
156
156
161
157
156
161
156
156
156
156
161
158
160
157
157
185
188
185
185
187
185
188
188
188
187
190
186
187
188
189
190
190
188
185
190
185
187
188
189
186
189
185
187
188
187
189
185
188
186
187
136
139
137
135
136
135
134
137
137
138
134
137
135
137
136
135
82
80
84
81
81
83
80
83
81
83
83
83
80
81
82
81
82
80
82
81
83
80
80
81
82
82
81
80
81
83
80
83
83
80
81
80
80
82
81
80
80
80
82
83
81
81
82
80
81
82
80
80
81
82
83
84
80
80
80
83
82
82
83
81
81
82
80
80
80
82
81
82
81
81
82
82
83
80
81
83
80
81
82
80
83
81
83
82
80
80
81
83
83
54
51
53
52
10
10
10
10
10
10
10
10
10
10
10
10
10
10
10
