28
747
1401
1401
1401
1401
1401
747
747
747
747
747
747
747
747
747
747
747
747
747
747
747
719
719
719
719
719
719
719
719
719
1131
1131
1131
1131
1131
1131
1131
1131
1131
1131
1131
1131
412
412
412
692
692
692
692
692
692
692
692
692
692
692
692
692
692
692
692
692
692
692
692
692
692
412
412
412
412
0
0
963
963
963
963
963
963
0
0
0
0
0
720
720
720
720
720
720
720
720
720
720
1295
1295
1295
1295
1295
1295
1295
1295
1295
1295
1295
1295
1295
1295
1295
1295
1295
1295
1295
1295
1295
1295
1295
1295
1295
1305
2091
2806
2806
2806
2806
2806
2806
2806
2231
2231
2231
2231
2231
2605
2605
2605
2605
2605
2605
2605
2605
2605
2605
2605
2605
2605
2605
2605
2605
2605
2605
2605
2605
2098
2098
1875
1875
1875
1875
1875
1515
1515
1515
1515
2412
2412
1697
1271
1271
1271
1271
1271
1271
1271
374
374
0
0
0
0
0
0
0
0
0
0
0
0
0
0
0
0
0
0
0
0
0
0
0
0
0
0
0
0
0
0
0
0
0
0
0
0
0
0
0
0
0
0
0
0
0
0
0
0
0
0
0
0
0
0
0
0
0
0
0
0
0
0
0
0
0
0
0
0
0
954
954
954
954
954
954
954
954
954
954
954
954
954
954
954
954
954
954
954
954
954
954
954
954
954
954
954
954
954
954
0
0
0
0
0
257
257
257
257
257
257
257
257
257
257
257
257
257
257
257
257
257
257
257
257
257
257
257
257
257
470
470
470
470
470
470
257
1045
1945
1945
1945
1945
1945
1945
1945
1945
1945
1945
1945
1945
1945
1945
1945
1945
1945
1945
1945
1945
1945
2531
2531
2531
2531
2531
2743
2743
2743
2743
2743
2743
2743
2743
2743
2743
2743
2743
2743
2743
2743
2743
2743
1955
1369
1369
1369
1369
1369
1369
1369
469
469
469
469
469
469
469
469
212
212
212
