4763
4763
4763
4763
4763
4763
4763
4763
4763
4763
4763
4763
4763
4763
4763
4763
4763
4763
4763
4763
4763
4763
4763
4763
4763
4763
4763
4763
4763
4763
4763
4763
4763
4763
4763
4763
4763
4763
4763
4763
4763
4763
4763
4763
4763
4763
4763
4763
4763
4763
4763
4763
4763
4763
4763
4763
4763
4763
4763
4763
4763
4763
4763
4763
4763
4763
4763
4763
4763
4763
4763
4763
4763
4763
4763
4763
4763
4763
4763
4763
4763
4763
9624
9624
9624
9624
9624
9624
9624
9624
9624
9624
9624
9624
9624
9624
9624
9624
9624
9624
9624
9624
13268
13268
13268
13268
13268
13268
13268
13268
16005
16005
16005
16005
16005
16005
16005
16005
11144
11144
11144
11144
11144
11144
11144
13191
13191
13191
13191
13191
13191
13191
13191
13191
13191
13191
13191
16059
16059
16059
16059
16059
16059
16059
16059
16059
16059
16059
16059
16059
16059
16059
16059
16059
16059
16059
16059
16059
16059
16059
16059
16059
20330
21398
21398
21398
21398
21398
21398
21398
21398
21398
21398
21398
21398
20330
20330
20330
20330
20330
20330
20330
20330
20330
20330
20330
20330
20330
20330
20330
20330
20330
20330
20330
20330
20330
20330
20330
20330
20330
20330
20330
20330
20330
20330
20330
20330
20330
20330
20330
20330
20330
20330
20330
20330
20330
20330
20330
20330
20330
20330
20330
20330
20330
20330
20330
20330
20330
20330
20330
20330
20330
20330
20330
20330
20330
20330
20330
20330
20330
20330
20330
20330
20330
20330
20330
20330
20330
20330
20330
20330
24781
24781
24781
24781
24781
24781
24781
24781
24781
24781
24781
24781
24781
24781
24781
24781
24781
24781
24781
24781
24781
24781
24781
24781
24781
24781
24781
24781
24781
24781
24781
24781
24781
24781
24781
24781
24781
24781
24781
24781
24781
24781
24781
24781
24781
24781
24781
24781
24781
24781
24781
24781
24781
24781
24781
24781
24781
24781
24781
24781
24781
24781
24781
31555
31555
31555
31555
31555
31555
31555
31555
31555
31555
31555
31555
31555
31555
31555
31555
31555
31555
31555
31555
31555
31555
31555
31555
31555
31555
31555
31555
31555
31555
31555
31555
31555
31555
31555
31555
31555
31555
31555
31555
31555
31555
31555
31555
31555
31555
31555
31555
31555
31555
31555
31555
31555
31555
31555
31555
31555
31555
31555
31555
31555
31555
31555
31555
31555
31555
31555
31555
31555
31555
31555
31555
31555
31555
31555
31555
31555
31555
31555
31555
31555
31555
31555
31555
31555
31555
31555
31555
31555
31555
31555
31555
31555
31555
31555
31555
31555
31555
31555
31555
31555
31555
31555
31555
31555
31555
31555
31555
31555
31555
31555
31555
31555
31555
31555
31555
31555
31555
31555
31555
31555
31555
31555
31555
31555
31555
31555
31555
31555
31555
31555
31555
31555
31555
31555
31555
31555
31555
31555
31555
31555
31555
31555
31555
31555
31555
31555
31555
31555
31555
31555
31555
31555
31555
31555
31555
31555
31555
34463
34463
34463
34463
34463
34463
34463
34463
34463
34463
34463
34463
34463
34463
34463
34463
34463
34463
34463
34463
31555
31555
31555
31555
31555
31555
31555
31555
31555
31555
31555
31555
31555
31555
31555
31555
31555
31555
31555
31555
31555
31555
31555
31555
31555
31555
31555
31555
31555
31555
31555
31555
31555
31555
31555
31555
31555
27104
27104
27104
27104
27104
27104
27104
27104
27104
27104
27104
27104
27104
27104
27104
27104
27104
27104
27104
27104
27104
27104
27104
27104
27104
27104
27104
27104
27104
27104
27104
27104
27104
27104
27104
27104
27104
27104
25020
25020
25020
25020
25020
25020
25020
25020
25020
25020
25020
25020
25020
25020
25020
25020
25020
25020
25020
25020
25020
25020
25020
21376
21376
21376
21376
21376
21376
21376
21376
21376
21376
21376
21376
21376
21376
21376
21376
21376
18639
18639
18639
18639
18639
18639
18639
18639
18639
18639
18639
18639
18639
22002
22002
22002
22002
22002
22002
22002
22002
22002
22002
22002
22002
22002
22002
22002
22002
22002
22002
22002
22002
22002
22002
22002
22002
22002
22002
22002
22002
22002
22002
22002
22002
22002
22002
22002
22002
22002
22002
22002
22002
22002
22002
22002
22002
22002
22002
22002
22002
22002
22002
22002
22002
22002
22002
22002
22002
22002
22002
22002
17731
17731
17731
17731
17731
17731
17731
17731
17731
17731
17731
17731
17731
17731
17731
17731
17731
17731
17731
17731
17731
17731
17731
17731
17731
17731
17731
17731
17731
17731
17731
17731
17731
17731
17731
17731
17731
17731
17731
17731
17731
17731
17731
17731
17731
17731
17731
17731
17731
17731
17731
17731
17731
17731
17731
17731
17731
17731
17731
17731
17731
17731
17731
17731
17731
17731
17731
17731
17731
17731
12968
12968
12968
12968
12968
8278
8278
8278
8278
8278
8278
8278
12941
12941
12941
12941
12941
12941
12941
12941
9578
9578
9578
13714
13714
13714
13714
13714
13714
13714
13714
13714
13714
13714
13714
13714
13714
13714
13714
13714
13714
13714
13714
13714
13714
13714
13714
13714
13714
13714
13714
13714
13714
13714
13714
13714
13714
13714
13714
13714
13714
13714
13714
13714
13714
13714
13714
13714
13714
13714
13714
13714
13714
13714
13714
10846
10846
10846
10846
10846
10846
10846
10846
15667
15667
15667
15667
15667
15667
15667
15667
15667
15667
15667
15667
15667
15667
15667
15667
15667
15667
15667
15667
15667
15667
15667
15667
15667
15667
15667
15667
15667
15667
15667
15667
15667
15667
15667
15667
10846
10846
8799
8799
8799
8799
8799
8799
8799
8799
8799
8799
8799
8799
8799
8799
8799
8799
8799
8799
8799
8799
8799
8799
8799
8799
8799
8799
8799
8799
8799
8799
8799
8799
8799
8799
8799
8799
8799
8799
8799
8799
8799
8799
8799
4136
4136
4136
4136
4136
4136
4136
4136
4136
4136
4136
4136
4136
4136
4136
4136
4136
4136
4136
4136
4136
4136
4136
4136
4136
4136
4136
4136
4136
4136
4136
4136
4136
4136
4136
4136
4136
4136
4136
4136
4136
4136
4136
0
0
0
0
0
0
3924
3924
3924
3924
3924
3924
3924
3924
3924
3924
3924
3924
3924
3924
3924
3924
3924
3924
3924
3924
3924
3924
3924
3924
3924
3924
3924
3924
3924
3924
6732
6732
6732
6732
6732
6732
6732
6732
6732
6732
6732
6732
6732
6732
6732
6732
6732
6732
6732
6732
8512
8512
8512
8512
8512
8512
8512
8512
8512
8512
8512
8512
8512
10969
10969
10969
10969
10969
10969
10969
10969
10969
10969
10969
10969
10969
10969
10969
10969
10969
10969
10969
10969
10969
10969
12843
12843
15807
15807
15807
15807
15807
15807
15807
15807
15807
15807
15807
15807
15807
15807
15807
15807
15807
15807
15807
15807
15807
15807
15807
15807
15807
15807
15807
15807
15807
15807
15807
15807
15807
15807
15807
15807
15807
15807
15807
15807
15807
15807
15807
15807
15807
15807
15807
15807
15807
15807
15807
15807
15807
15807
15807
15807
15807
15807
15807
15807
15807
15807
15807
15807
15807
15807
15807
15807
15807
15807
15807
15807
15807
15807
15807
15807
15807
15807
15807
15807
15807
15807
15807
15807
15807
15807
15807
18808
18808
18808
18808
18808
18808
18808
18808
18808
18808
18808
18808
18808
18808
18808
18808
18808
18808
22322
22322
22322
22322
22322
22322
22322
22322
22322
22322
22322
22322
22322
27204
27204
27204
27204
27204
27204
27204
27204
27204
27204
27204
27204
27204
27204
27204
27204
27204
27204
31217
31217
31217
31217
31217
31217
31217
31217
31217
31217
31217
31217
31217
31217
31217
31217
31217
31217
31217
31217
31217
31217
31217
31217
31217
31217
31217
31217
31217
31217
31217
31217
31217
31217
31217
31217
31217
31217
31217
34267
34267
34267
34267
34267
34267
34267
34267
34267
34267
34267
34267
34267
34267
34267
34267
34267
34267
34267
34267
34267
34267
34267
34267
34267
34267
34267
34267
34267
34267
34267
34267
34267
34267
34267
34267
34267
34267
34267
38690
38690
38690
38690
38690
38690
38690
38690
38690
38690
38690
38690
38690
38690
38690
38690
38690
38690
38690
35640
35640
35640
35640
35640
35640
35640
35640
35640
35640
35640
35640
35640
35640
35640
35640
40517
40517
40517
40517
40517
40517
40517
40517
40517
40517
40517
40517
40517
40517
40517
40517
40517
40517
40517
40517
40517
40517
40517
40517
40517
40517
40517
40517
40517
40517
40517
40517
40517
40517
40517
40517
40517
40517
40517
40517
40517
40517
40517
40517
40517
45313
40890
36013
36013
36013
36013
36013
36013
36013
36013
36013
36013
36013
36013
36013
36013
36013
36013
36013
36013
36013
36013
36013
36013
36013
36013
36013
36013
36013
36013
36013
36013
36013
36013
36013
36013
36013
36013
36013
36013
36013
36013
36013
36013
36013
36013
36013
33012
33012
33012
33012
33012
33012
33012
33012
33012
33012
31232
31232
31232
31232
31232
31232
31232
31232
31232
31232
31232
31232
31232
31232
31232
31232
31232
31232
31232
31232
31232
31232
31232
31232
31232
31232
31232
27308
27308
27308
27308
27308
27308
27308
27308
27308
27308
27308
27308
27308
27308
27308
27308
27308
27308
27308
27308
27308
25434
25434
25434
25434
25434
25434
25434
25434
25434
25434
25434
25434
25434
25434
25434
25434
25434
25434
25434
25434
25434
25434
25434
25434
25434
25434
25434
25434
25434
25434
25434
25434
25434
25434
25434
25434
25434
25434
25434
25434
25434
25434
25434
25434
25434
25434
25434
25434
25434
25434
25434
25434
25434
25434
25434
25434
25434
25434
25434
25434
25434
25434
25434
25434
21421
21421
21421
21421
21421
21421
21421
21421
21421
21421
24639
24639
24639
24639
24639
24639
24639
24639
24639
24639
24639
24639
24639
24639
24639
24639
24639
24639
24639
24639
24639
24639
24639
34347
34347
34347
34347
34347
34347
34347
34347
34347
34347
34347
34347
29551
29551
29551
29551
29551
29551
29551
29551
29551
29551
29551
29551
29551
29551
29551
29551
29551
29551
29551
29551
29551
29551
29551
29551
29551
29551
29551
27769
27769
27769
27769
27769
27769
27769
27769
27769
27769
27769
27769
27769
27769
27769
27769
27769
27769
27769
27769
27769
27769
27769
27769
27769
27769
27769
27769
27769
27769
27769
27769
27769
27769
27769
27769
27769
27769
27769
27769
27769
27769
27769
27769
27769
27769
27769
27769
27769
27769
27769
27769
27769
27769
27769
27769
27769
27769
27769
27769
27769
27769
27769
27769
27769
27769
27769
27769
27769
27769
27769
27769
27769
27769
24961
24961
24961
24961
24961
24961
24961
24961
24961
24961
24961
24961
24961
24961
24961
24961
24961
24961
24961
24961
24961
24961
24961
24961
24961
24961
24961
24961
24961
24961
24961
24961
24961
24961
24961
24961
24961
24961
24961
24961
24961
24961
24961
24961
24961
24961
24961
24961
24961
24961
24961
24961
24961
24961
24961
24961
21743
21743
21743
21743
21743
21743
21743
21743
21743
21743
21743
21743
21743
21743
21743
21743
21743
21743
21743
21743
21743
21743
21743
21743
21743
21743
21743
21743
21743
21743
21743
21743
18229
18229
18229
18229
18229
18229
18229
18229
18229
18229
18229
18229
18229
18229
18229
18229
18229
13518
13518
13518
13518
13518
13518
13518
13518
13518
13518
13518
13518
13518
13518
13518
13518
13518
13518
13518
13518
13518
13518
13518
13518
13518
13518
13518
13518
13518
13518
13518
13518
13518
13518
13518
13518
13518
13518
13518
13518
13518
13518
13518
13518
13518
13518
13518
13518
13518
13518
13518
13518
13518
13518
13518
13518
13518
13518
13518
13518
13518
13518
13518
13518
13518
13518
13518
13518
13518
13518
13518
13518
10554
10554
10554
10554
10554
10554
10554
10554
10554
10554
8097
8097
8097
8097
8097
8097
8097
8097
8097
8097
8097
8097
8097
8097
8097
8097
8097
8097
8097
8097
8097
8097
8097
8097
8097
8097
8097
8097
8097
8097
8097
8097
3215
3215
3215
3215
3215
3215
3215
3215
3215
3215
3215
3215
3215
3215
3215
3215
3215
3215
3215
3215
3215
0
0
0
0
0
0
0
0
0
0
0
0
0
0
0
0
0
0
0
0
0
0
0
1606
1606
1606
1606
1606
1606
1606
1606
1606
1606
1606
1606
1606
1606
1606
1606
1606
1606
1606
1606
1606
1606
1606
1606
4863
4863
4863
4863
4863
4863
6755
6755
6755
6755
6755
6755
6755
6755
6755
6755
6755
6755
11200
11200
11200
11200
11200
11200
11200
11200
11200
13498
13498
13498
13498
13498
13498
13498
13498
13498
13498
13498
13498
13498
13498
13498
13498
13498
13498
13498
13498
13498
13498
13498
13498
13498
13498
13498
13498
13498
13498
13498
13498
13498
13498
13498
13498
13498
13498
13498
14805
14805
14805
14805
14805
14805
14805
14805
14805
14805
14805
14805
14805
14805
14805
14805
14805
14805
14805
14805
14805
14805
14805
14805
14805
14805
14805
14805
14805
14805
14805
16578
16578
16578
16578
16578
16578
16578
16578
16578
16578
16578
16578
16578
16578
16578
16578
16578
16578
16578
16578
16578
16578
16578
16578
16578
16578
16578
16578
16578
16578
16578
16578
16578
16578
16578
16578
16578
16578
16578
16578
16578
16578
16578
16578
16578
16578
16578
16578
16578
16578
16578
16578
20193
20193
20193
20193
20193
20193
20193
20193
20193
20193
20193
20193
20193
20193
20193
20193
20193
20193
20193
20193
20193
20193
20193
20193
20193
20193
20193
20193
20193
20193
20193
20193
20193
20193
20193
20193
20193
20193
20193
20193
20193
20193
20193
20193
20193
20193
20193
20193
20193
20193
20193
20193
20193
20193
20193
20193
20193
20193
20193
20193
20193
20193
20193
20193
20193
20193
20193
20193
20193
20193
20193
20193
20193
20193
20193
20193
20193
20193
20193
20193
20193
20193
20193
20193
20193
20193
20193
20193
20193
18420
18420
18420
18420
18420
18420
18420
18420
18420
18420
18420
18420
18420
18420
18420
21931
21931
21931
21931
21931
21931
23361
23361
23361
23361
23361
23361
23361
23361
25373
25373
25373
25373
25373
25373
25373
25373
25373
25373
25373
25373
25373
25373
25373
25373
25373
25373
25373
25373
25373
25373
25373
25373
25373
25373
25373
25373
25373
25373
25373
25373
25373
25373
31912
31912
31912
31912
31912
31912
31912
31912
31912
31912
31912
31912
31912
31912
31912
33363
33363
33363
33363
33363
33363
33363
33363
33363
33363
33363
33363
33363
33363
33363
33363
33363
33363
33363
33363
33363
33363
33363
33363
33363
33363
33363
33363
33363
33363
33363
33363
33363
33363
33363
33363
33363
33363
33363
33363
33363
33363
33363
33363
33363
33363
33363
33363
33363
33363
33363
33363
37782
37782
37782
37782
37782
37782
37782
35770
35770
35770
35770
35770
35770
35770
35770
35770
35770
35770
35770
35770
35770
35770
35770
35770
35770
35770
35770
35770
35770
35770
35770
35770
35770
35770
35770
35770
35770
35770
35770
35770
35770
35770
35770
35770
35770
36806
36806
36806
36806
36806
36806
36806
36806
36806
36806
36806
36806
36806
36806
36806
36806
36806
36806
36806
36806
36806
36806
36806
36806
36806
36806
36806
36806
36806
36806
36806
36806
36806
36806
36806
36806
36806
36806
36806
36806
36806
33549
33549
33549
33549
33549
33549
33549
33549
33549
33549
33549
33549
33549
33549
33549
33549
33549
33549
33549
33549
33549
33549
33549
33549
33549
33549
33549
33549
33549
33549
33549
33549
33549
33549
33549
33549
33549
33549
33549
33549
33549
33549
33549
33549
33549
33549
33549
33549
33549
33549
33549
33549
33549
33549
33549
33549
31251
31251
31251
31251
31251
31251
31251
31251
31251
31251
31251
31251
31251
31251
31251
31251
29645
29645
29645
29645
29645
29645
29645
29645
29645
26966
28782
28782
28782
28782
28782
28782
28782
28782
28782
28782
28782
28782
28782
28782
28782
28782
28782
28782
28782
28782
28782
28782
28782
24922
24922
24922
24922
24922
24922
24922
24922
24922
24922
24922
24922
24922
24922
24922
24922
24922
23106
23106
23106
23106
23106
23106
23106
23106
23106
23106
23106
23106
23106
23106
23106
21655
21655
21655
21655
21655
21655
21655
21655
21655
21655
21655
21655
21655
21655
21655
21655
21655
21655
21655
21655
21655
21655
21655
21655
21655
21655
19763
19763
19763
19763
19763
19763
19763
19763
19763
19763
19763
19763
19763
19763
19763
19763
19763
19763
19763
16252
16252
16252
16252
16252
16252
14822
14822
14822
14822
14822
14822
14822
14822
14822
14822
14822
14822
14822
16605
16605
16605
16605
16605
16605
16605
16605
16605
16605
16605
16605
16605
16605
16605
16605
16605
16605
16605
16605
16605
16605
16605
16605
16605
16605
16605
16605
16605
16605
16605
16605
16605
16605
16605
16605
16605
16605
16605
16605
16605
16605
16605
16605
16605
16605
16605
16605
16605
16605
16605
16605
16605
16605
16605
16605
16605
16605
16605
16605
16605
16605
16605
16605
16605
16605
16605
16605
16605
16605
16605
16605
16605
16605
16605
16605
16605
16605
12990
12990
12990
12990
12990
12990
12990
12990
12990
12990
12990
12990
12990
12990
12990
12990
12990
12990
12990
12990
12990
12990
12990
12990
12990
12990
12990
12990
12990
12990
12990
12990
12990
12990
12990
12990
12990
12990
12990
12990
12990
12990
12990
12990
12990
12990
12990
12990
12990
12990
12990
12990
12990
12990
12990
12990
12990
12990
12990
12990
12990
12990
12990
12990
12990
12990
12990
12990
12990
12990
12990
12990
12990
12990
12990
11683
11683
11683
11683
11683
11683
11683
11683
11683
11683
11683
11683
11683
11683
11683
11683
11683
11683
11683
11683
11683
11683
11683
11683
11683
11683
11683
11683
11683
11683
11683
11683
11683
11683
11683
11683
11683
11683
11683
11683
11683
11683
11683
11683
11683
11683
11683
11683
7238
7238
7238
7238
7238
7238
7238
7238
7238
7238
7238
7238
7238
7238
7238
7238
7238
7238
7238
7238
7238
7238
7238
7238
7238
7238
7238
7238
7238
7238
7238
7238
7238
7238
7238
7238
7238
7238
7238
7238
7238
7238
7238
10854
10854
10854
10854
10854
10854
10854
10854
10854
10854
10854
10854
10854
10854
10854
10854
10854
10854
10854
10854
10854
10854
9071
9071
9071
9071
9071
9071
9071
9071
9071
9071
4652
4652
4652
4652
4652
4652
4652
4652
4652
4652
4652
4652
3616
3616
3616
3616
3616
3616
3616
3616
3616
3616
3616
0
0
0
0
0
0
2675
2675
2675
2675
2675
2675
2675
2675
2675
2675
2675
2675
2675
2675
2675
2675
2675
2675
2675
2675
2675
7003
7003
7003
7003
7003
7003
7003
7003
7003
7003
7003
7003
7003
7003
7003
7003
7003
7003
7003
7003
7003
7003
7003
7003
7003
7003
7003
7003
7003
7003
7003
7003
7003
7003
7003
7003
7003
7003
7003
7003
7003
7003
7003
7003
7003
7003
7003
7003
7003
7003
7003
7003
7003
7003
7003
7003
7003
7003
7003
7003
7003
7003
7003
7003
7003
7003
7003
7003
7003
7003
7003
7003
7003
7003
7003
7003
7003
7003
7003
7003
7003
7003
7003
7003
7003
7003
7003
2675
2675
2675
2675
2675
2675
2675
2675
2675
2675
2675
2675
2675
2675
2675
6932
6932
6932
6932
6932
6932
6932
6932
6932
6932
6932
6932
6932
6932
6932
6932
6932
6932
6932
6932
6932
6932
6932
6932
6932
6932
6932
6932
6932
6932
6932
6932
6932
8149
8149
8149
8149
8149
8149
8149
8149
8149
8149
8149
8149
8149
8149
8149
8149
8149
8149
8149
8149
8149
8149
8149
8149
8149
8149
8149
8149
8149
8149
8149
8149
8149
8149
8149
8149
8149
8149
8149
8149
8149
8149
8149
8149
8149
8149
8149
8149
8149
8149
8149
8149
8149
8149
8149
8149
8149
8149
8149
8149
8149
8149
8149
8149
8149
8149
8149
8149
8149
8149
12170
12170
12170
12170
12170
12170
12170
12170
12170
12170
12170
12170
12170
12170
12170
12170
12170
12170
12170
12170
12170
12170
12170
12170
12170
12170
12170
12170
12170
12170
12170
12170
12170
12170
12170
12170
12170
12170
12170
12170
12170
12170
12170
12170
12170
12170
12170
12170
12170
12170
12170
12170
12170
12170
12170
12170
12170
12170
12170
12170
12170
12170
12170
12170
12170
12170
12170
12170
12170
12170
12170
12170
12170
12170
12170
12170
12170
12170
12170
12170
12170
12170
12170
12170
12170
15522
15522
15522
15522
15522
15522
15522
15522
15522
15522
15522
15522
15522
15522
15522
15522
15522
15522
15522
15522
15522
15522
15522
15522
15522
15522
15522
15522
15522
15522
15522
15522
15522
15522
15522
15522
15522
15522
15522
15522
15522
15522
15522
15522
15522
15522
15522
15522
15522
15522
15522
15522
15522
15522
15522
15522
15522
15522
18215
18215
18215
18215
18215
18215
18215
18215
18215
18215
18215
18215
18215
18215
18215
22641
22641
22641
22641
19289
19289
19289
19289
19289
19289
19289
19289
19289
19289
19289
19289
19289
19289
19289
19289
19289
19289
19289
19289
14863
14863
14863
14863
14863
14863
14863
14863
14863
19558
19558
19558
19558
19558
19558
19558
19558
19558
19558
19558
19558
19558
19558
19558
19558
19558
19558
19558
19558
24341
24341
24341
24341
24341
24341
24341
24341
24341
24341
24341
24341
24341
24341
24341
24341
24341
24341
24341
24341
24341
24341
24341
24341
20320
20320
20320
20320
20320
20320
21951
21951
21951
21951
21951
21951
21951
21951
21951
21951
21951
21951
21951
21951
21951
21951
21951
21951
21951
21951
25358
25358
25358
25358
25358
25358
25358
25358
25358
25358
25358
25358
25358
25358
25358
25358
25358
30102
30102
30102
30102
30102
30102
30102
30102
30102
30102
30102
30102
30102
30102
30102
30102
30102
30102
30102
30102
30102
30102
30102
30102
30102
25845
25845
25845
25845
25845
25845
25845
25845
25845
25845
25845
25845
25845
25845
25845
25845
25845
25845
25845
25845
27977
27977
27977
27977
27977
27977
27977
27977
27977
27977
27977
27977
27977
27977
27977
27977
27977
27977
27977
27977
27977
27977
27977
27977
27977
27977
27977
27977
27977
27977
27977
27977
27977
27977
27977
27977
27977
21062
21062
21062
21062
21062
21062
21062
21062
24305
24305
24305
24305
24305
24305
24305
24305
24305
24305
24305
24305
24305
24305
24305
24305
24305
24305
24305
24305
24305
24305
24305
24305
24305
24305
24305
24305
24305
24305
24305
24305
24305
24305
24305
24305
24305
24305
24305
24305
24305
24305
24305
24305
24305
24305
24305
24305
24305
24305
24305
24305
24305
24305
24305
24305
24305
24305
24305
24305
24305
24305
24305
24305
24305
24305
24305
24305
24305
24305
24305
24305
24305
24305
24305
24305
24305
24305
24305
24305
24305
24305
24305
24305
24305
24305
24305
24305
19610
19610
19610
19610
19610
19610
19610
19610
19610
19610
19610
19610
19610
19610
19610
19610
19610
19610
19610
19610
19610
19610
19610
19610
19610
19610
19610
19610
19610
19610
19610
19610
19610
19610
19610
24062
24062
24062
24062
24062
24062
24062
24062
24062
24062
24062
24062
24062
24062
24062
24062
24062
24062
24062
24062
24062
24062
24062
24062
24062
24062
24062
24062
24062
19318
19318
19318
19318
19318
19318
19318
19318
19318
19318
19318
19318
19318
19318
19318
19318
19318
19318
19318
19318
19318
19318
19318
19318
19318
19318
19318
19318
19318
19318
19318
19318
19318
19318
19318
19318
19318
19318
19318
19318
19318
19318
19318
19318
19318
19318
19318
19318
19318
19318
19318
19318
19318
19318
19318
19318
19318
19318
19318
19318
19318
19318
19318
19318
19318
19318
19318
19318
19318
19318
19318
19318
19318
19318
19318
19318
19318
19318
19318
19318
19318
19318
19318
19318
19318
19318
19318
19318
19318
19318
19318
19318
19318
19318
19318
19318
19318
19318
19318
19318
19318
19318
19318
19318
19318
19318
19318
19318
19318
19318
19318
19318
19318
19318
19318
19318
19318
19318
19318
19318
19318
19318
19318
19318
19318
23849
23849
23849
23849
23849
23849
23849
23849
19318
19318
19318
19318
19318
19318
19318
19318
19318
19318
19318
19318
19318
19318
19318
19318
19318
19318
19318
19318
19318
19318
19318
19318
19318
19318
19318
19318
19318
19318
19318
19318
19318
19318
19318
19318
19318
19318
19318
19318
19318
19318
19318
19318
19318
18101
18101
18101
18101
14858
14858
14858
14858
14858
14858
14858
14858
14858
14858
14858
14858
14858
14858
14858
14858
14858
14858
10406
10406
6999
6999
6999
6999
6999
6999
6999
6999
6999
6999
6999
6999
6999
6999
6999
6999
6999
6999
6999
6999
6999
6999
6999
6999
6999
6999
6999
6999
6999
6999
6999
6999
6999
4306
4306
4306
4306
4306
4306
4306
4306
4306
2675
0
0
0
0
0
0
0
0
0
0
0
0
0
0
0
0
0
3090
3090
3090
3090
3090
3090
3090
4829
4829
4829
4829
4829
4829
4829
4829
4829
4829
4829
4829
8238
8238
8238
8238
8238
8238
8238
8238
8238
8238
8238
8238
8238
8238
8238
8238
8238
8238
8238
8238
8238
8238
8238
8238
8238
8238
11217
11217
11217
11217
11217
11217
11217
11217
11217
11217
11217
11217
11217
11217
11217
11217
11217
11217
11217
11217
11217
11217
11217
11217
11217
11217
11217
11217
11217
11217
11217
11217
11217
11217
11217
11217
11217
11217
11217
11217
11217
11217
11217
11217
11217
11217
11217
11217
11217
11217
11217
11217
11217
11217
11217
11217
11217
11217
11217
11217
11217
11217
11217
11217
11217
11217
11217
11217
11217
11217
11217
11217
11217
11217
11217
11217
11217
11217
11217
11217
11217
11217
11217
11217
11217
11217
11217
11217
11217
11217
11217
11217
11217
11217
11217
15082
15082
15082
15082
15082
15082
15082
15082
15082
15082
15082
15082
15082
15082
15082
15082
15082
15082
15082
15082
15082
15082
15082
15082
15082
15082
15082
15082
15082
15082
15082
15082
15082
15082
15082
15082
15082
15082
15082
15082
15082
15082
15082
15082
15082
15082
15082
15082
15082
15082
19705
19705
19705
19705
19705
19705
19705
19705
19705
19705
19705
19705
19705
19705
19705
19705
19705
19705
19705
19705
19705
19705
19705
19705
19705
19705
19705
19705
19705
19705
19705
19705
19705
19705
19705
19705
19705
19705
19705
19705
19705
19705
19705
19705
19705
19705
19705
19705
19705
19705
19705
19705
19705
19705
19705
19705
19705
19705
19705
19705
19705
19705
19705
19705
19705
19705
19705
19705
19705
19705
19705
19705
19705
19705
19705
19705
19705
19705
19705
19705
19705
19705
19705
19705
19705
19705
19705
19705
19705
19705
19705
19705
19705
19705
19705
19705
19705
19705
19705
19705
19705
19705
19705
19705
19705
19705
19705
19705
19705
19705
19705
19705
19705
19705
19705
19705
19705
19705
19705
19705
19705
19705
19705
19705
19705
17966
17966
17966
17966
17966
17966
17966
17966
17966
17966
17966
17966
17966
17966
17966
17966
17966
17966
17966
17966
17966
17966
17966
17966
17966
17966
17966
17966
17966
17966
17966
17966
17966
19994
19994
19994
23746
23746
23746
23746
23746
23746
23746
23746
23746
23746
23746
23746
23746
23746
23746
23746
23746
23746
23746
23746
23746
23746
23746
23746
23746
23746
23746
23746
23746
23746
23746
23746
23746
23746
23746
23746
23746
23746
23746
23746
23746
23746
23746
23746
23746
23746
23746
23746
23746
23746
23746
23746
23746
23746
23746
23746
23746
23746
23746
23746
23746
23746
23746
23746
23746
23746
23746
23746
23746
23746
23746
23746
23746
23746
23746
23746
23746
23746
23746
23746
23746
23746
23746
23746
23746
23746
26608
26608
26608
26608
26608
26608
26608
26608
26608
26608
26608
26608
26608
26608
26608
26608
26608
26608
26608
26608
26608
26608
26608
26608
26608
26608
26608
26608
26608
26608
26608
26608
26608
26608
26608
26608
26608
26608
26608
26608
26608
26608
26608
26608
26608
26608
26608
26608
26608
26608
26608
26608
26608
26608
26608
26608
26608
26608
26608
26608
26608
26608
26608
26608
26608
26608
26608
26608
26608
26608
26608
26608
26608
26608
26608
26608
26608
26608
26608
26608
26608
26608
26608
26608
26608
26608
26608
27689
27689
27689
32326
32326
32326
32326
32326
32326
32326
32326
32326
32326
32326
32326
32326
32326
32326
32326
32326
32326
32326
32326
32326
32326
32326
32326
32326
32326
32326
32326
32326
32326
32326
32326
32326
32326
32326
32326
32326
32326
32326
32326
32326
32326
32326
32326
32326
32326
32326
32326
32326
32326
32326
32326
32326
32326
32326
32326
32326
32326
32326
32326
32326
32326
32326
32326
32326
32326
32326
32326
32326
32326
32326
32326
32326
32326
32326
32326
37064
37064
37064
37064
37064
37064
46252
46252
46252
43162
43162
43162
43162
43162
43162
43162
43162
43162
43162
43162
43162
43162
39753
39753
35888
35888
35888
35888
35888
35888
35888
35888
35888
35888
35888
35888
35888
35888
35888
35888
35888
35888
35888
39667
39667
39667
39667
39667
39667
39667
39667
39667
39667
39667
39667
39667
39667
39667
39667
39667
39667
39667
39667
39667
39667
39667
39667
39667
39667
39667
39667
39667
39667
39667
39667
39667
39667
39667
39667
39667
39667
39667
39667
39667
39667
39667
39667
39667
39667
39667
39667
39667
39667
39667
39667
39667
39667
39667
39667
39667
36688
36688
36688
36688
36688
36688
36688
36688
36688
36688
36688
36688
36688
36688
36688
36688
36688
36688
36688
36688
36688
36688
36688
36688
36688
36688
36688
36688
36688
36688
36688
36688
36688
36688
36688
36688
36688
36688
36688
36688
36688
36688
36688
36688
36688
36688
36688
36688
36688
36688
36688
36688
36688
36688
36688
36688
36688
36688
36688
36688
36688
36688
36688
36688
36688
36688
36688
36688
36688
36688
36688
36688
36688
36688
36688
36688
36688
36688
36688
36688
36688
36688
36688
36688
36688
36688
36688
36688
36688
36688
36688
36688
36688
36688
36688
36688
36688
35607
30970
26232
9188
0
0
0
0
0
0
0
0
0
0
0
0
0
0
0
0
0
0
0
0
0
0
0
0
0
0
0
0
0
0
0
0
0
0
0
0
0
0
0
0
0
0
0
0
0
0
0
0
0
0
0
0
0
0
0
0
0
0
0
0
0
0
0
0
0
0
0
0
0
0
0
0
0
0
0
0
0
0
0
0
0
0
0
0
0
0
0
0
0
0
0
0
0
0
0
0
0
0
0
0
0
0
0
0
0
0
0
0
0
0
0
0
0
0
0
0
0
0
0
0
0
0
0
0
0
0
0
0
0
0
0
0
0
0
0
0
0
0
0
0
0
0
0
0
0
0
0
0
0
0
0
0
0
0
0
0
0
0
0
0
0
0
0
0
0
0
0
0
0
0
0
0
0
0
0
0
0
0
0
0
0
0
0
0
0
0
0
0
0
0
0
0
0
0
0
0
0
0
0
0
0
0
0
0
0
0
0
0
0
0
0
0
4366
4366
4366
4366
4366
4366
4366
4366
4366
4366
4366
4366
4366
4366
4366
4366
4366
4366
4366
4366
4366
4366
4366
8036
8036
8036
8036
8036
8036
8036
8036
8036
8036
8036
8036
8036
8036
8036
8036
8036
8036
8036
8036
8036
8036
8036
8036
8036
8036
8036
12535
12535
12535
12535
12535
12535
12535
12535
12535
12535
12535
12535
12535
12535
12535
17124
17124
17124
17124
17124
17124
17124
17124
17124
17124
17124
17124
17124
17124
17124
17124
17124
17124
17124
17124
17124
17124
17124
17124
17124
17124
17124
17124
17124
17124
17124
17124
17124
17124
17124
17124
17124
17124
17124
17124
17124
17124
17124
17124
17124
17124
21691
25943
29579
29579
29579
29579
29579
29579
29579
29579
29579
29579
29579
29579
29579
29579
29579
29579
29579
29579
29579
29579
29579
29579
29579
29579
29579
29579
29579
29579
29579
29579
29579
29579
29579
29579
29579
29579
29579
29579
29579
29579
29579
29579
29579
29579
29579
29579
29579
29579
29579
29579
34100
34100
34100
34100
34100
34100
34100
34100
34100
34100
34100
34100
34100
34100
34100
34100
34100
34100
34100
34100
34100
34100
34100
34100
34100
34100
34100
34100
34100
34100
34100
34100
34100
34100
34100
34100
34100
34100
34100
34100
34100
34100
34100
34100
34100
34100
34100
34100
34100
34100
34100
34100
34100
34100
34100
34100
34100
34100
34100
34100
34100
34100
34100
34100
34100
34100
34100
34100
34100
34100
34100
34100
34100
34100
34100
34100
34100
34100
34100
34100
34100
34100
34100
34100
34100
34100
36019
36019
37696
37696
37696
37696
37696
37696
37696
37696
37696
37696
37696
37696
37696
37696
37696
37696
37696
37696
37696
37696
37696
37696
37696
37696
37696
37696
37696
37696
37696
37696
37696
37696
37696
37696
37696
37696
37696
37696
37696
37696
37696
37696
39779
39779
39779
39779
39779
39779
39779
39779
39779
39779
39779
39779
39779
39779
39779
39779
39779
39779
39779
39779
39779
39779
39779
39779
39779
39779
39779
39779
39779
39779
39779
39779
39779
39779
39779
39779
39779
39779
39779
39779
39779
39779
39779
39779
39779
42919
42919
42919
42919
42919
42919
42919
42919
42919
42919
42919
42919
42919
42919
42919
42919
42919
42919
42919
42919
42919
42919
42919
42919
42919
42919
42919
42919
42919
41000
41000
41000
41000
41000
41000
41000
41000
41000
41000
41000
41000
41000
41000
41000
41000
41000
41000
41000
41000
41000
41000
41000
41000
41000
41000
41000
41000
41000
41000
41000
41000
41000
41000
41000
41000
41000
41000
41000
41000
41000
41000
41000
41000
41000
41000
41000
41000
41000
41000
41000
41000
41000
41000
41000
41000
41000
41000
41000
41000
41000
36634
36634
36634
36634
36634
36634
36634
36634
36634
36634
36634
36634
36634
36634
36634
36634
36634
36634
36634
36634
36634
36634
36634
36634
36634
32045
32045
32045
32045
32045
32045
32045
32045
32045
32045
32045
32045
32045
32045
32045
32045
32045
32045
32045
32045
32045
32045
32045
27478
27478
27478
27478
27478
27478
27478
27478
27478
27478
27478
27478
22957
22957
22957
22957
22957
22957
22957
22957
22957
22957
22957
22957
22957
22957
22957
22957
22957
22957
22957
22957
22957
22957
22957
22957
22957
22957
22957
22957
22957
22957
22957
22957
22957
22957
22957
22957
22957
22957
22957
22957
22957
22957
22957
22957
22957
22957
22957
22957
22957
22957
22957
22957
22957
22957
22957
22957
22957
22957
22957
22957
22957
22957
22957
22957
22957
22957
22957
22957
22957
22957
22957
22957
22957
22957
22957
22957
22957
27616
27616
27616
27616
27616
27616
27616
27616
27616
27616
27616
27616
27616
23980
23980
23980
23980
23980
23980
23980
23980
23980
23980
23980
23980
23980
23980
23980
23980
23980
23980
23980
23980
23980
23980
23980
23980
23980
23980
23980
23980
23980
23980
23980
23980
23980
23980
23980
23980
23980
23980
23980
23980
23980
20840
20840
20840
20840
20840
20840
20840
20840
20840
20840
20840
20840
20840
20840
20840
20840
20840
20840
20840
20840
20840
20840
20840
20840
20840
20840
20840
20840
20840
20840
20840
20840
20840
19163
19163
19163
19163
19163
19163
19163
19163
19163
19163
19163
19163
19163
19163
19163
19163
19163
19163
19163
19163
19163
19163
19163
19163
19163
14664
14664
14664
14664
14664
14664
10005
10005
10005
10005
10005
10005
10005
11027
11027
11027
11027
11027
11027
11027
11027
11027
11027
11027
11027
11027
11027
11027
11027
11027
11027
11027
11027
11027
11027
11027
11027
11027
11027
11027
11027
11027
11027
11027
11027
11027
11027
11027
11027
11027
11027
11027
11027
11027
11027
11027
11027
11027
11027
11027
11027
11027
11027
11027
11027
11027
11027
11027
11027
11027
11027
11027
11027
11027
11027
11027
11027
11027
11027
11027
11027
11027
11027
11027
11027
11027
11027
11027
12942
12942
12942
12942
12942
12942
9272
9272
9272
9272
9272
9272
9272
9272
9272
9272
9272
9272
9272
9272
9272
9272
9272
9272
9272
5020
5020
5020
5020
5020
5020
5020
5020
5020
5020
5020
5020
5020
5020
5020
5020
5020
5020
5020
5020
5020
5020
5020
5020
5020
5020
5020
5020
5020
5020
5020
3998
3998
3998
3998
3998
3998
3998
3998
3998
3998
3998
3998
3998
3998
3998
3998
3998
3998
3998
3998
3998
1915
1915
1915
1915
1915
1915
1915
1915
1915
1915
1915
1915
1915
1915
1915
1915
1915
1915
1915
1915
1915
1915
1915
1915
1915
1915
1915
1915
1915
1915
1915
1915
1915
1915
1915
1915
1915
1915
1915
1915
1915
1915
1915
1915
