391
407
381
377
384
396
377
385
379
393
376
382
380
397
408
409
399
406
407
403
392
378
405
392
394
405
377
386
402
385
381
386
0
0
0
0
0
0
0
0
0
0
0
0
0
0
0
0
0
0
0
0
0
0
0
0
0
0
0
0
0
0
0
0
0
0
0
0
0
0
0
0
0
0
0
0
0
0
0
0
0
0
0
0
0
0
0
0
0
0
0
0
0
0
0
0
0
0
0
0
0
0
0
0
0
0
0
0
0
0
0
0
0
0
0
0
0
0
0
0
0
0
0
0
0
0
0
0
580
608
576
600
590
615
563
576
562
589
613
608
581
566
571
567
596
609
616
587
599
583
582
566
561
602
576
595
597
609
569
593
572
570
574
578
603
580
584
610
610
592
598
584
593
587
602
561
616
595
616
604
574
609
592
602
569
569
609
587
587
610
0
0
0
0
0
0
0
0
0
892
921
905
1626
1622
1599
1597
1628
1562
1573
1553
1628
916
896
877
860
861
933
875
849
851
854
878
929
908
852
885
879
867
867
900
933
1666
1676
1671
1620
1644
1892
1916
1974
1972
1962
1909
1969
1905
1937
1958
1924
1927
1928
1975
1918
1930
1946
1947
1938
1952
1958
1943
1951
1912
1903
2719
2733
2708
2705
2708
2696
2673
2707
2688
2685
2672
2669
2719
2670
2666
2706
2735
1975
1957
2354
2415
2350
2424
2357
2375
2388
2408
2414
2407
2374
2417
2391
2382
2350
2386
2375
2400
2390
2391
2391
2361
2373
2380
2382
2384
2400
2421
2364
2402
2357
2423
2401
2356
2356
2367
2376
2383
2384
2402
2417
2385
2372
2411
2422
2361
2371
2411
2420
2406
2376
2418
2367
2386
2392
2390
2360
2380
2387
2395
2422
2351
2421
2396
2381
2424
2374
2425
2394
2358
2373
2375
2410
2388
2420
2352
2343
2402
2405
2368
2361
2398
2420
2361
2376
2345
2404
2399
2373
2384
2398
2403
2387
2388
2410
2420
2416
2425
2389
2397
2410
2391
2403
2354
2346
2352
2366
2342
2354
2346
2421
2384
2345
2411
1538
1507
1511
1495
1539
1535
1513
1530
1509
1529
1056
1116
1105
1048
1070
1065
1114
1096
1058
1049
1042
1077
1056
1088
1043
1052
1090
293
296
309
301
288
288
308
306
291
290
0
0
0
0
0
0
0
0
0
0
0
0
0
0
0
0
0
0
0
0
0
0
0
0
0
334
319
320
317
347
320
343
330
317
322
340
321
321
321
332
328
318
331
331
616
593
591
591
596
620
616
608
604
620
590
605
615
591
617
593
619
616
610
592
605
590
589
593
605
589
609
610
589
601
620
589
611
1643
1611
1655
1606
1621
1618
1604
1588
1577
1615
1354
1300
1335
1355
1364
1317
1305
1335
1323
1351
1382
1295
1382
1370
1334
1347
1303
1319
336
343
331
335
334
325
326
335
331
332
335
341
335
332
329
320
322
319
321
319
327
342
342
333
318
321
333
336
336
326
346
320
317
339
326
317
346
330
343
338
322
336
341
323
341
336
327
318
321
342
339
341
332
319
329
344
336
339
337
339
344
321
324
343
344
319
326
347
340
327
336
320
343
329
341
328
323
330
329
319
320
327
327
332
323
0
0
0
0
0
0
825
865
844
896
850
849
871
887
861
876
854
839
888
831
833
890
854
857
874
861
870
896
891
835
822
886
869
859
861
859
820
877
868
885
873
871
868
871
880
837
826
873
871
899
0
0
0
0
364
339
595
597
592
588
588
586
583
583
600
572
595
572
601
598
589
341
348
366
352
339
355
336
346
349
345
339
358
348
348
364
355
365
0
0
0
0
0
0
0
0
0
0
0
0
0
0
0
0
0
0
1030
998
994
1064
1017
1639
1617
1592
1596
1670
1637
1635
1609
1601
1673
1614
1595
1667
1662
1660
1594
1658
1609
1677
1687
1596
1596
1603
1618
1592
1609
1678
1679
1611
1645
1668
1633
1667
1687
1596
1597
1662
1648
1679
1669
1653
1667
1664
1656
1607
1651
1608
1687
1620
1594
1622
1598
1666
1634
1648
1630
1686
1660
1613
1633
1654
1630
1644
1655
1605
1639
1650
1650
1620
1663
1681
1598
1650
1630
1657
1675
1648
1594
1683
1669
1648
1656
1655
1672
1655
1665
1626
1622
1638
1614
1668
1612
1650
1607
1637
1604
1671
1632
1596
1614
1631
1608
1665
1632
1613
1684
1636
1633
1626
1637
1630
1667
1610
1626
1649
1619
1677
1597
1671
1624
1626
1598
1675
1618
1622
1594
1649
1624
1605
1671
1670
1665
1611
1636
1629
1681
1671
1663
1679
1652
1670
1609
1599
1615
1615
1661
1637
1674
1644
1648
1660
1660
1658
1649
1632
2411
2489
2418
2483
2427
2407
2429
2501
2433
2461
2420
2471
2413
2443
2476
2472
2408
2449
2419
2465
2469
2473
2423
2439
2433
2475
2416
2441
2415
2485
2411
1593
1632
1671
1652
1625
1603
1623
1622
665
623
649
643
637
629
658
651
652
652
635
640
624
651
609
657
635
608
659
