4202
4410
4131
4281
4158
4098
4397
4446
4424
4345
7512
7183
7246
7191
7306
7578
7462
7241
7371
7404
7209
7529
7442
7554
7283
7378
7290
7574
7202
7480
7288
7380
7473
7417
7236
7320
7439
7560
7197
7261
7338
7332
7568
7398
7450
7440
9353
9269
9452
9244
9369
9325
9284
9293
9628
9461
9258
9298
9411
9242
9331
9259
9341
9432
9333
9338
9595
9509
9513
9380
9385
9325
9320
9339
9488
9350
9617
9424
9271
9377
9556
9503
9502
9498
9519
9535
9310
9232
9438
9306
9430
9537
9519
9262
9371
9485
9399
9418
9464
9368
9563
9360
9531
9290
9328
9286
9333
9295
9316
9437
9357
9280
9607
9231
9311
9507
9255
9615
9539
9289
9551
9536
9308
9368
9607
9289
9302
9636
9353
9377
9431
9267
9262
9252
9258
9246
9254
9350
9611
9479
9556
9232
9307
9286
9242
9546
9633
9258
9630
9562
9346
9409
9589
9534
9516
9351
9265
9580
9373
9531
9606
9400
9247
9634
9602
9620
9426
9497
9518
9505
9568
9330
9253
9422
9539
9448
9396
9484
9422
9334
9413
9591
9588
9557
9320
9236
9461
9526
9566
9351
12459
12560
12328
12459
12277
12309
12545
12448
12549
12383
12470
12599
12316
12399
12268
12557
12611
12600
12383
12569
12551
12436
12542
12416
12415
12312
12519
12461
12482
12622
12326
12573
12628
12636
12290
12546
12569
12330
12387
12443
14060
14395
14144
14204
14350
14176
14268
14367
14096
14285
14373
14231
14271
14164
14167
14366
14402
14302
14070
14380
14380
14077
14076
14134
14287
14465
14060
14090
14171
14280
14172
14282
14356
14091
14127
14125
14195
12072
12034
12243
12271
12038
12158
12111
12074
12028
12205
12117
12125
12193
12017
12070
12163
12332
12144
12319
12270
12168
12183
12363
12394
12186
12395
12179
12079
12127
12020
12302
12414
12362
12113
12144
12076
12228
12284
12172
12077
12379
12245
12075
12398
12107
12300
12101
12028
12144
12046
12017
12317
11239
11327
10963
11296
11219
11348
11072
10993
11098
10962
11184
11186
11144
11293
10966
11208
11170
11055
10988
10979
11073
11028
10999
11139
10992
11206
11115
11330
11216
10983
11259
11180
11321
11271
11186
11317
11061
11331
11233
11086
11343
11344
11115
11027
11084
11332
11127
11283
11258
11082
11300
11114
11332
11168
10948
10991
11353
11033
10945
10967
10975
11105
11299
11250
11138
10961
11009
11318
11148
11343
11090
11042
11207
11182
11273
10952
11138
11091
10971
11209
11059
11311
11111
11261
11083
11250
11094
11117
11308
11318
11253
11020
10990
10958
11034
11158
11309
11289
11319
11003
11075
11175
11290
11137
10955
11301
11134
10968
11186
11250
11279
10945
11020
10955
11256
11328
10971
11304
9347
9545
9482
9509
9411
9315
9276
9456
9342
9314
9164
9322
9406
9272
9203
9369
9387
9221
9391
9224
9511
9238
9366
9453
9258
9158
9296
9448
9428
9323
9291
9212
9285
9557
9286
9540
9181
9508
9407
9184
9308
9314
9445
9184
9449
9462
9167
9205
9483
9196
9557
9195
9426
9455
9441
9372
9369
9424
9299
9407
9363
9268
9332
9552
9202
9523
9249
9478
9293
9170
9495
9562
9245
9389
9548
9455
9447
9370
9318
9459
9525
9269
9285
9463
9445
9181
9318
9308
9321
9528
9522
9281
5187
5293
5360
5316
5253
5208
5133
5137
5333
5360
7397
7324
7446
7321
7544
7359
7301
7465
7510
7460
7400
7264
7493
7493
7490
7272
7407
7555
7302
7467
7273
7372
7544
7523
5335
5156
5292
5092
5232
5072
5159
5197
5197
5077
5354
5265
5079
5333
5218
5260
5298
5106
5309
5075
5236
5302
5110
5151
5280
5161
5206
5294
5252
5118
5070
9087
8982
9096
9201
8935
8932
9150
9227
8959
8947
11566
11544
11563
11321
11226
11555
11421
11536
11438
11578
11351
11454
11529
11401
11356
7600
7694
7518
7724
7448
7715
7704
7469
7551
7422
7559
7449
7633
7637
7534
7670
7436
7666
7486
7464
7549
7683
7697
5267
5311
5275
5201
5267
5242
5341
5304
5132
5126
5312
5239
5263
5177
5136
5207
5159
5235
5200
5182
5335
5182
5273
5354
5252
5291
5121
5106
5072
5203
5194
5206
5133
5272
5062
5191
5319
5125
5166
5355
5279
5165
5149
5165
5087
5296
5090
5327
5172
5161
5286
5094
5275
5114
5120
5228
3211
3172
3227
3118
3288
3055
3183
3239
3111
3249
3185
3157
3307
3114
3148
3303
3096
3192
3303
3195
3298
3341
3251
3066
0
0
0
0
0
0
0
0
0
0
0
0
0
0
0
0
0
0
0
0
0
0
0
0
0
0
0
0
0
0
0
0
0
0
0
0
0
0
0
0
0
0
0
0
0
0
0
0
0
0
0
0
0
0
0
0
0
0
0
0
0
0
0
0
0
0
0
0
0
0
0
0
0
0
0
0
0
0
0
0
0
0
0
0
0
0
0
0
0
0
0
0
0
0
0
0
0
0
0
0
0
0
0
0
0
0
6453
6403
6611
6375
6485
6331
6622
6712
6700
6374
6478
6679
6303
6741
6303
6330
6747
6686
6321
6752
6343
6475
6697
6372
6435
6330
6420
6425
6321
6699
6507
6434
6470
6307
6375
6403
6606
6599
6290
6617
6321
6556
1427
1437
1523
1457
1498
1421
1492
1490
1450
1534
1462
1524
1509
1485
1494
1524
1542
1442
1422
1443
1442
1445
3763
3966
3819
3860
3858
3859
3909
3846
3909
3821
3977
3956
3843
3917
3869
3792
3918
3783
3941
3962
3928
3925
3921
3918
3831
3945
3803
3750
3826
3794
3947
3885
3794
3786
3865
3834
3768
3926
3871
3938
3929
3781
3813
3876
3801
3831
3864
3917
3810
3950
3960
3796
3873
3836
3891
3810
3862
3965
3764
3855
3747
3827
3788
3746
3799
3865
3958
3824
3826
3884
3754
3939
3912
3916
3823
3856
3857
3896
3920
3935
3838
3916
3811
3926
3833
3760
3920
3752
3930
3949
3806
3860
3813
3831
3910
3865
3752
3747
3826
3949
3753
3879
3824
3968
3891
3792
3897
3855
3899
3781
3850
3783
3923
3889
3746
3829
3896
3872
5828
5929
5880
5861
5821
5814
9404
9384
9514
9256
9323
9558
9502
9418
9386
9347
9342
9364
9540
9478
9413
9312
9230
9273
9357
9492
9492
9233
9432
9507
9290
9487
9263
9486
9470
9247
9502
9548
9338
9368
9320
9459
9343
9570
9567
9242
9555
9350
9426
9445
9274
9372
9335
9420
9476
9314
9288
9506
9311
9494
9442
9441
9532
9432
9279
9243
9310
9244
9452
9467
9336
9447
9482
9384
9352
9334
9348
9250
9344
9525
9231
9513
9325
9521
9252
9417
9549
9527
9289
9484
9436
9390
9422
9409
9446
9491
9317
9538
9490
9417
9384
9266
9258
9528
9324
9559
9241
9365
9481
9269
9270
9489
9571
9567
9358
9517
9539
9460
9549
9381
9491
9478
9512
9334
9257
9261
9514
9403
9453
9411
9446
9397
9380
9273
9254
9313
9492
9429
9421
9294
9449
9559
9407
9387
9315
9340
9494
9289
9286
9476
9476
9233
9485
9570
9231
9392
9542
9519
9360
9432
9482
9297
9269
9567
9351
9299
9375
9494
9556
9331
9234
9249
9499
9334
9498
9312
9363
9551
9534
9382
9459
9541
9499
9248
9389
9564
9489
9552
9429
9368
9385
9524
9360
9272
9564
9414
9469
9343
9403
9522
9450
9426
9544
9485
9258
9309
9273
9499
9344
9423
9521
9285
9391
9519
9443
9525
9511
9485
9410
5989
5986
5897
5988
5989
5813
5916
5960
5844
5843
5819
5830
9947
9882
10097
10133
10036
9779
10064
10087
10006
10052
10057
9961
9903
10039
9847
9888
10081
9855
10100
10089
10105
9890
9801
9965
9892
10015
9962
10007
10022
9966
9767
10107
9996
9900
10093
9871
9928
9913
9902
9811
10064
9917
10103
9792
9832
9776
9821
9926
9917
9960
9820
10000
10082
9880
10066
9862
9973
10063
9924
9789
9982
9851
9914
9772
9904
10018
9782
9922
9922
9923
9917
10060
9810
10020
9867
10132
9812
10060
9850
9998
9829
10122
9964
9782
9830
9863
10011
9947
9988
10020
10093
10071
9763
10100
10049
9846
10083
10124
10022
9875
10067
9853
9904
9935
10088
9765
9912
9754
9909
10041
10074
10036
10040
10040
9872
9931
10088
10071
9755
10031
10083
9861
9847
10029
10065
10078
10015
10087
10094
10006
10043
9777
9893
9938
9892
9786
9756
9865
9983
9746
9763
9984
10134
10003
9805
10089
9884
9840
9959
10106
9863
10055
9808
9897
9902
9971
9840
9841
10061
9975
10073
10047
13976
13888
14186
13834
14031
14078
14053
14142
13880
14020
14075
14159
14160
13855
14132
14168
13848
14006
13934
13962
14030
13885
14137
11772
12122
11935
11728
11982
12016
12028
12078
12076
12033
12035
11756
11951
11801
11757
11836
11944
11728
11881
11961
11820
11909
11923
11986
11928
12105
11735
11896
12046
11890
11929
12023
11832
11935
11953
11801
11958
12031
12067
12088
11939
12095
11934
11730
11827
12027
11877
11881
12062
11995
11746
11801
11873
11896
11875
12013
12086
12053
11723
11813
11833
11893
11976
12073
11974
12060
11840
11796
11881
11973
12114
11868
11908
11946
12104
12089
12078
12024
11841
11941
12120
13715
13606
13775
13775
13762
13675
13668
13749
13502
13535
13601
13530
16219
15931
16200
16241
15942
16294
16294
16049
16320
16311
16196
16236
16061
16031
15966
15997
16181
16091
15974
16035
16143
16287
16040
16130
16158
16311
16300
16198
16276
15951
16069
16066
15984
15977
16159
16304
16064
16318
16028
16102
16024
16304
16249
15987
16048
16024
16103
15993
16022
16087
16214
16286
16115
16166
16300
16179
16092
16041
16023
16207
18414
18732
18376
18674
18525
18681
18536
18400
18647
18588
18650
18701
18393
18570
18556
18519
18418
18547
18519
18501
18461
18671
18611
18770
18609
18712
18738
18534
18746
18764
18703
18511
18774
18660
18407
18736
18545
18757
18619
18773
18605
18588
18492
18614
18721
18518
18494
18488
18761
18751
18637
18651
18419
18448
18665
18670
18559
18443
18544
18542
18606
18446
18425
18692
18701
18628
18458
18436
18379
18418
18503
18455
18723
18385
18457
18599
18535
18591
18714
16043
16016
16103
16067
16272
16013
16171
16125
15938
16233
15975
16041
16279
16118
16075
16267
16091
16194
16127
16254
16229
16186
16114
16181
16171
16274
15988
13674
13872
13682
13814
13789
13825
13657
13940
13690
13823
13657
13890
11346
11498
11462
11376
11385
11381
11504
11502
11451
11136
11109
11263
11403
11118
11110
11295
7347
7462
7211
7290
7384
7367
7446
7557
7308
7245
7522
7421
7478
7240
7508
7180
7535
7400
7426
7542
7238
7267
7172
7421
7256
7520
7188
7362
7180
7387
7443
7400
7323
7341
7478
7556
5848
5820
5822
5829
6032
5939
5968
6112
5938
5900
5917
6003
5834
6044
5821
5990
5823
6102
5838
5832
6141
5817
5752
6117
5853
5977
5880
6032
5859
5988
5984
6038
5973
5849
5958
6134
5832
6111
6056
5800
6118
5877
5879
6035
5811
6070
5906
5876
5972
5816
5985
1816
1809
1824
1786
1751
1753
1751
1836
1877
1875
1875
1729
1868
1717
1781
1833
1723
1725
0
0
0
0
0
0
0
0
0
0
0
0
0
0
0
0
0
0
0
0
0
0
0
0
0
0
0
0
0
0
0
0
0
0
0
0
0
0
0
0
0
0
0
0
0
0
0
0
0
0
0
0
0
0
0
0
0
0
0
0
0
0
0
0
0
0
0
0
0
0
0
0
0
0
0
0
0
0
0
0
0
0
0
0
0
0
0
0
0
0
0
0
0
0
0
0
0
0
0
0
0
0
0
0
0
0
0
0
0
0
0
0
0
0
0
0
0
0
0
0
0
0
0
0
0
0
0
0
0
0
0
0
0
0
0
0
0
0
0
0
0
0
0
0
0
0
0
0
0
0
0
0
0
0
0
0
0
0
3045
2951
2997
3149
2990
3089
2996
3028
3147
3154
3095
3130
3005
2970
3087
2927
3144
2952
2940
2952
2975
3069
2980
3125
2947
2998
3140
3076
2925
2935
3077
2896
2938
3028
3145
3169
3152
3072
2948
3174
3001
3061
3058
2924
2895
3085
3137
3089
2961
2990
2892
3140
3017
3018
3093
3081
2937
3085
3131
3056
3096
2910
2924
3107
4472
4514
4399
4540
4377
4500
4514
4521
4570
4491
4437
4587
4385
4485
4396
4511
4414
4347
4546
4317
4573
4408
4366
4475
4577
4591
4500
4552
4310
4506
4412
4533
4309
4367
4400
4571
4532
4388
4456
4546
4521
4428
4500
4323
4453
4325
4479
4487
4564
4364
4359
4559
4582
4576
4337
4560
4547
4554
4390
4373
4366
4382
4482
4565
4401
4555
4574
4542
4491
4353
4506
1450
1498
1538
1515
1506
1488
1548
1469
1497
1439
1525
1455
1443
1450
1523
1528
1484
1533
1493
1475
1548
1455
1460
1494
1480
1517
1552
1442
1433
1536
1497
1474
1521
1494
1416
1552
1487
1495
1540
1472
1510
1457
1521
1534
1414
1540
1486
1447
1488
1519
1423
1450
1530
1524
1415
1472
1492
1473
1551
1501
1529
1420
1512
1460
1516
1474
1486
1543
1480
1425
1468
1505
1547
1522
1483
1512
1448
1511
1516
1486
1488
1513
1465
1553
1485
1541
1537
1549
1458
1417
1530
1478
1510
1430
1436
1484
1449
1495
1503
1496
1487
1537
1527
1515
1504
1514
1444
1552
1485
1452
1494
1534
1429
1511
1436
1533
1451
1532
1462
1528
1467
1504
1487
1493
1501
1524
1447
1531
1521
1457
1542
1516
1419
1445
1505
1415
1537
1443
1414
1449
1427
1426
1446
1552
1522
1522
1493
1530
1474
1436
1415
1497
1486
1422
1446
1433
1479
1492
1484
1413
1528
1443
1523
1502
1515
1471
1413
1513
1471
1525
1534
1425
1528
1500
1418
1481
1433
1484
1454
1521
1502
1479
1482
1452
1435
1474
1517
1413
1489
1483
1516
1491
1425
1488
1439
1496
1524
1427
1533
1454
1537
1531
1422
1416
1478
1428
1523
1552
1533
1479
1532
1419
1546
1478
1535
1427
1527
1480
1437
1508
1431
1419
1424
1458
1471
1470
1553
1429
1427
1485
1536
1430
1549
1508
1429
1424
1537
1551
1550
1439
1537
1436
1554
1467
1515
1454
1550
1430
1460
1536
1478
1540
1427
1463
1522
1490
1521
1549
1419
1550
1422
1485
1414
1536
1439
1434
1468
1450
1430
1490
1419
1535
1523
1413
1548
1419
1513
1525
1536
1533
1413
1451
1515
1489
1474
1454
1471
1474
1415
1504
1546
1416
1492
1446
1540
1525
1485
1552
1504
1464
1521
1469
1431
1483
1451
1547
1493
1488
1459
1450
1464
1417
1417
1425
1536
1501
1528
4935
4929
5184
5147
5169
5108
4981
5023
5063
5008
5111
4897
5110
5063
5044
5082
5141
5094
5144
5017
5150
5033
5162
4976
5165
4961
4941
5124
4901
4912
4972
4948
5040
5059
5093
5078
5199
5091
5101
5197
5157
4981
4969
4986
4987
5124
5182
5202
5097
5148
5162
4978
4942
4985
5006
4979
5190
5161
5210
4958
4962
5075
5195
4871
4961
4938
6458
6334
6245
6142
6458
6453
6423
6266
6145
6339
6115
6154
6348
6176
6295
6406
6124
6379
6346
6371
6254
6276
6378
6280
6220
6452
6206
6220
6347
6304
6380
6340
6397
6312
6242
6191
6378
6212
6269
6428
6457
6273
6287
6149
6147
6134
6294
6263
6141
7304
7418
7309
7252
7514
6070
6256
5977
6269
6129
6162
6288
6067
6286
6247
6030
6238
6257
6125
5989
6082
6020
6079
6219
6224
6139
6074
6174
6195
6210
6132
6195
6260
2556
2617
2546
2608
2579
2647
2643
2522
2645
2616
2531
2606
2620
2614
2570
2547
2565
2645
2541
2577
2632
2564
2575
2546
2529
2571
2516
2646
2602
2546
2617
2634
2549
2557
2544
2578
2653
2565
2631
2526
2522
2620
2562
2552
2579
2589
2595
2636
2625
2589
2616
2612
2594
2638
2588
2587
2606
2619
2613
2628
2554
2540
2575
2647
2556
2540
2560
2543
2552
2625
2587
2519
2637
2609
2630
2610
2604
2536
2576
2575
2566
2644
2618
2641
2536
2524
2562
2586
2535
2545
2556
2533
2577
2596
2636
2571
2619
2652
2629
2519
2593
2550
2558
2589
2652
2607
2604
2591
2565
2599
2639
2595
2586
2570
2655
2541
2632
2608
2578
2532
2537
2518
1115
1135
1106
1149
1108
1199
1148
1166
1187
1201
1102
1200
1211
1147
1188
1144
1178
1207
1134
1193
1205
1208
1147
1197
1106
1106
1174
1203
1174
1165
1203
1208
1177
1188
1127
1201
1121
1208
1143
1151
1161
1102
1198
1192
1161
1166
1181
1186
1181
1206
1182
1104
1114
1158
1124
1196
1207
1140
1136
1200
1202
1130
1172
1142
1197
1106
1173
1164
1199
1198
1192
1129
1113
1170
1128
1211
1133
1131
1137
0
0
0
0
0
0
0
0
0
0
0
0
0
0
0
0
0
0
0
0
0
0
0
0
0
0
0
0
0
0
0
0
0
0
0
0
0
0
0
0
0
0
0
0
0
2011
1876
2008
1883
1970
1945
1905
2005
1854
1919
1978
1954
1883
1939
1977
2031
1872
1922
1862
2018
1897
1954
1883
1956
1945
1947
1894
1990
2016
1920
1921
1934
1931
1931
2005
1978
1930
1856
1964
1919
1857
2035
2003
1901
1989
2015
1994
1951
2006
1874
1864
2006
1945
1874
1990
1901
1854
1950
1927
2019
1943
1853
1946
2003
2023
1958
1981
1917
6307
6208
6151
6092
6114
6353
6287
6153
6049
6328
6096
6326
6163
6198
6207
6216
6361
6294
6091
6156
6080
6268
5992
6215
6145
6186
6269
6230
6040
6011
6336
6114
6144
6083
6310
6315
6300
6330
6283
6247
6279
6273
6282
6321
6083
6289
6270
6264
6204
5971
6301
6095
6255
6059
6033
6325
6284
6056
6306
6016
6329
6049
6357
6053
6245
6086
6228
6205
6091
6054
6169
6358
6310
6207
6085
6310
6087
6338
5990
6023
6191
5979
5966
6282
6039
6281
6188
6336
6236
6038
6080
6040
6317
6217
6026
6329
6295
6271
6247
6365
6151
6022
5977
6147
6013
6365
6221
6009
6158
6207
9669
9803
9832
9860
10005
9732
9900
9926
9787
9926
9988
9945
9760
9611
9954
9951
9680
9614
9656
9689
9924
9710
10003
9915
9714
10001
9797
9842
9777
9846
9823
9968
9813
9624
9899
12320
12323
12330
12489
12507
12422
12326
15731
15463
15632
15574
15545
15555
15533
15403
15617
15630
15699
15393
15531
15412
15555
15588
15723
15605
15617
15725
15450
15485
15713
15560
15532
15664
15744
15517
15579
15726
15703
15463
15470
15535
15638
15471
15448
15771
15619
15588
15402
15724
15411
15458
15529
15658
15520
15578
15392
15743
15469
15409
15478
15538
15726
15476
15761
15646
15519
15563
15643
15441
15505
15696
15484
15766
15433
15533
15520
15638
15736
15524
15599
15718
15745
15706
15735
15596
15380
15526
15415
15727
15612
15771
15745
15576
15370
15699
15718
15582
15769
15602
15460
15528
15524
15437
15721
15433
15546
15487
15729
15583
15673
15559
15687
15433
15675
15556
15389
15425
15377
15451
15667
15635
15710
15685
15728
15732
15747
15649
15618
15584
15531
15392
15646
15510
15614
15753
15622
15606
15698
15555
15610
15436
15379
15708
15634
15481
15722
15633
15640
15628
15765
15404
15712
15716
15499
15690
15442
15527
15755
15401
15602
15528
15602
15601
15671
15680
15684
15531
15456
15728
15556
15688
15577
15678
15732
15600
15682
15372
15653
15727
15674
15462
15727
15403
15749
15710
15495
15472
15733
15763
15457
15750
15671
15521
15606
15502
15630
15716
15770
15621
15398
15594
15370
15692
15411
15706
15521
15640
15640
15396
15662
15564
15680
15521
15392
15588
15691
15635
15518
15369
15400
15511
15686
15635
15753
15401
15495
15481
15588
15383
15401
15640
15605
15380
15572
15505
15761
15487
15448
15627
15763
15701
15636
15410
15549
15724
15736
15635
15656
15685
15511
13695
13920
13542
13695
13896
13584
13762
13637
13762
13797
13670
13717
13592
13553
13836
13642
13880
13564
13553
13747
10795
10646
10684
10632
10746
10440
10440
10661
10531
10557
10649
10464
10677
10796
10466
10578
10576
10429
10785
10480
10669
10541
10794
10499
10465
10490
10693
10490
10469
10577
10694
10515
10653
10758
10497
10610
10484
10642
10492
10772
10642
10765
10695
10799
10532
10752
10658
10668
10510
8028
7852
8156
8118
7754
8063
8062
7857
7763
8031
7959
8011
7883
8010
8003
8128
8063
8114
8035
7886
8081
8159
8015
8083
7978
7971
7762
12366
12269
12167
12127
12184
12232
12321
12288
12141
12186
12115
12291
12251
12189
12287
12449
12266
12334
12116
12293
12425
12411
12161
12508
12499
12281
12430
12131
12208
12228
12198
12479
14774
14828
14715
15058
14839
14876
15097
14957
14864
14720
15001
14962
14987
15013
14850
15089
14913
14800
14688
14891
14743
14693
15047
10494
10530
10626
10478
10465
10633
10512
10639
10476
10614
10427
10670
10601
10591
10633
10679
10669
10489
10708
10415
10390
10480
10496
10719
10539
10469
10366
10487
10639
10586
10679
10456
10633
10677
10367
10521
10735
10556
10501
10333
10611
10434
10370
10546
10720
10423
10563
10482
10446
10716
10364
10605
10617
10450
10733
10593
10464
10373
10440
10613
10607
10486
10531
10531
10518
10571
10458
10627
10577
10491
10598
10341
10384
10501
10564
10640
10412
10624
10708
10648
10716
10662
10494
10393
10710
10377
10406
10553
10506
10411
10561
10364
10638
10731
10334
10623
10363
10720
10579
10732
10690
10424
10500
10377
10417
10735
10595
10496
10640
10522
10700
10660
10602
10607
10692
10339
10734
10527
10395
10650
10523
10514
10539
10710
10561
10734
12217
11994
12038
11883
11914
12251
12047
12203
11945
12129
12016
12124
11973
11855
11957
12040
12063
11952
12240
11985
12186
17171
17130
16810
17026
17041
17123
16753
16874
16817
17100
17179
17058
16941
16804
16825
16890
16803
16774
17003
17206
16766
16990
16730
16987
17148
17125
16895
16758
16983
17058
17038
16963
16843
17083
16808
17199
16984
14588
14498
14456
14311
14322
14410
14152
14527
14596
14564
14357
14458
14342
14397
14506
14475
14481
14324
14322
14366
14522
14482
14219
13031
12929
12909
12945
12949
12979
12711
12851
13030
12928
13045
12892
12800
12912
12716
12664
13067
12905
12995
12717
12755
12788
12694
13090
8597
8933
8996
8975
8552
8612
8681
8610
8597
8628
8518
8714
8860
8883
8753
8991
8596
8618
8800
8743
8923
8786
8681
8631
8545
8781
8822
8758
3664
3804
0
0
0
0
0
0
0
0
0
0
0
0
0
0
0
0
0
0
0
0
0
0
0
0
0
0
0
0
0
0
0
0
0
0
0
0
0
0
0
0
0
0
0
0
0
0
0
0
0
0
0
0
0
0
0
0
0
0
0
0
0
0
0
0
0
0
0
0
0
0
0
0
0
0
0
0
0
0
0
0
0
0
1056
1058
1070
1053
1057
1100
1052
1044
1040
1046
1079
1093
1059
1046
1022
1085
1074
1098
1044
1032
1087
1024
1044
1106
1092
1060
1059
1101
1064
1023
4567
7007
6882
6880
7112
6979
8822
8870
8683
8870
8807
8813
8958
8761
8745
8692
8656
8946
8793
8925
8945
8646
8860
8836
8683
8893
8798
8628
8824
8929
8825
11759
11587
11517
11601
11483
11778
11692
11490
11513
11683
11481
11523
11521
11464
11785
11760
11468
11604
11659
11605
11717
11628
11680
11537
11641
11523
11490
11729
11667
16608
16473
16735
16645
16500
16791
16623
16399
16454
16494
16664
16730
16522
16372
16400
16572
16579
16635
16468
16721
16681
16628
19924
20069
20102
19961
20122
19997
20101
19808
19843
19831
20231
19999
20217
19792
20114
20138
20100
20125
20233
20159
20229
20054
19888
20096
19929
20024
20139
20068
19861
20105
20025
19915
20239
20002
20255
19936
20189
20078
20030
19874
20212
19840
20069
19832
20248
20105
19807
19959
20210
20182
20220
19949
20151
19937
20237
19992
20232
20166
25172
25051
25228
24776
25257
25104
25112
25182
25134
24903
25177
25026
25092
24929
24929
24888
24983
25131
25163
25208
24917
24941
24900
25212
25022
25127
24794
25125
25201
24881
25061
25088
25245
25150
24778
24863
24975
25101
24810
25029
24858
25046
25179
24913
25128
24772
25175
25137
25164
24838
24926
25110
24805
24954
25016
24841
25087
25207
25260
25106
25090
25249
25144
24950
24844
25139
25171
24965
24849
24959
25009
25169
24919
24875
25144
24802
24928
24869
25106
25021
25112
28194
28107
27902
28199
27870
28010
27815
28096
27990
28122
28106
28076
28067
28172
27964
27812
27790
28142
27822
28101
27865
28158
28082
27879
28035
28150
27816
27795
27897
27890
20070
20408
20100
20494
20087
20499
20313
20148
20060
20337
20294
20377
20082
20123
20092
20268
20181
20329
20509
20274
20064
20320
20434
20507
20050
20523
20454
20191
20317
20301
20220
20094
20383
20080
20104
20351
20344
20098
20469
20343
20337
20426
20125
20368
20349
20164
20502
20335
20274
20168
20142
20436
20204
20516
20359
20209
20162
20076
20103
20063
20073
20164
20168
20367
20151
20497
20531
20494
20504
20531
20248
20133
20197
20520
20500
20508
20226
20523
20095
20234
20176
20312
20401
20275
20457
20146
20407
20464
20519
20065
19075
19299
19040
19102
19205
19374
19226
19183
19382
19188
19126
19432
19400
19174
19081
19206
19354
19375
19300
19412
19124
19275
19422
19106
18978
19139
18995
19150
19463
19137
19446
19120
18978
19148
19409
19469
19470
19074
19463
19415
19363
19187
19173
19069
19205
19313
19073
19031
19225
19291
19177
19263
19182
19126
19316
19397
19053
19437
19345
19190
19212
19050
19235
19077
19256
19178
19268
19260
19314
19067
19298
19412
18991
19047
19384
19470
19471
19349
19032
19011
19240
19259
19364
19274
19279
19111
19151
19064
18985
19199
19183
18979
18978
19192
18999
19304
19228
19066
19314
19241
19247
19076
19165
19199
19441
19255
19175
19396
19134
21681
21918
21860
21897
21889
21944
21764
21550
21825
21534
21916
21693
21887
21625
21703
21714
21803
21802
21953
21622
21956
21698
21958
21957
21614
21642
21629
21774
21861
21670
21936
18358
18111
18415
18314
18529
18478
18547
18259
18198
18157
18483
18441
18148
18474
17105
17478
17266
17311
17339
17230
17281
17547
17094
17056
21975
22095
22084
22019
22094
21989
22339
21904
22047
22186
22118
21867
22062
22119
22066
21882
21875
22077
22047
22306
22265
22276
21978
22009
21904
22345
21961
22299
22219
21893
22290
22238
21978
21880
22210
22344
21852
22250
22024
21897
22220
22250
22281
22201
21944
21931
21914
21891
22150
21856
22204
22345
21936
22214
22193
22074
22298
22292
22331
22192
21867
21861
21966
22309
22244
21976
21949
22345
21860
22096
21990
22274
22117
22214
21978
21893
22017
22302
21869
22075
22161
22257
21893
21967
22018
22089
22066
21881
22231
22315
21867
22278
22024
22274
21854
21976
22016
21960
22320
22292
22159
22160
22249
22026
21970
22150
21871
22327
21906
22318
21936
21857
21934
22090
22136
22088
21946
22266
22022
22339
22246
21881
21864
21976
21979
21909
22303
21900
22116
19819
19809
19738
19525
19567
19838
19834
19478
19468
19648
19454
19867
19564
19789
19685
19431
19475
19690
19469
19549
19620
19791
19454
19654
19635
19772
19835
19478
19634
19679
19451
19533
19626
19735
19779
19713
19408
19811
19820
19442
19487
19444
19598
19455
19771
14689
14501
14554
14858
14832
14639
14556
14883
14452
14628
14558
14479
14411
14782
14714
14605
14649
14422
14424
14543
14726
14708
14691
14849
14716
14803
14692
14450
14609
14589
14439
14848
14859
14675
14841
14664
14788
14845
14427
14815
14543
14671
14454
11372
11268
11057
11477
11145
11200
11182
11199
11142
11409
11081
11363
11344
11120
11502
11212
11205
11476
11389
11033
11310
11070
11358
11182
11093
11318
11283
11484
11149
11394
11137
11420
11050
11384
11459
11045
11328
11376
11375
11261
9261
9642
9449
9594
9557
9519
9522
9360
9543
9622
9581
9587
9269
9287
9348
9407
9636
9709
9261
9334
9248
9647
9384
9457
9345
9286
4506
6032
6208
6113
6112
6162
6151
6165
6064
6258
6170
6044
6076
6028
6158
6103
6189
6154
6146
6037
6260
6197
6158
6151
6031
6023
6233
6138
6231
3568
3583
3662
3566
3696
3615
3688
3589
3706
3706
3570
3606
3704
3687
3594
3712
3626
3626
3695
3674
3688
3622
3611
3525
3706
3673
3551
3603
3565
3609
3660
3618
3655
3533
3601
3571
3640
3528
3624
3603
3680
3575
3659
3692
3571
3521
3681
3711
3541
3585
3665
3651
3529
3538
3530
3691
1645
1708
1677
1599
1580
1589
1651
1722
1653
1632
1590
1684
1617
1666
0
0
0
0
0
0
0
0
0
0
0
0
0
0
0
0
0
0
0
0
0
0
0
0
0
0
0
0
0
0
0
0
0
0
0
0
0
0
0
0
0
0
0
0
0
0
0
0
0
0
0
0
0
0
0
0
0
0
0
0
0
0
0
0
0
0
0
0
0
0
0
0
0
0
0
0
0
0
0
0
0
0
0
0
0
0
0
0
0
0
0
0
0
0
0
0
0
0
0
0
0
0
0
0
0
0
0
0
0
0
0
0
0
0
0
0
0
0
0
0
0
0
0
0
0
0
0
1619
1620
1649
1596
1640
1685
1608
1607
1549
1583
1631
1647
1620
1599
1656
1631
1648
1641
1646
1671
1651
1557
1656
1596
1609
1658
1669
1554
1569
1613
1625
1624
1560
1668
1633
1690
1554
1628
1662
1609
1671
1574
1568
1593
1554
1586
1553
1687
1652
1701
1671
1587
1669
1688
1677
1675
1551
1573
1577
1638
1696
1572
1682
1669
1657
1554
1583
1607
1571
1657
1570
1637
1620
1686
1669
1699
1566
1681
1556
1651
1549
1650
1677
1652
1676
1568
1642
1571
1574
1647
1668
1675
1630
1628
1628
1573
1572
1603
1581
1603
1627
6077
6372
6281
6454
6281
6068
6393
6435
6242
6446
6054
6125
6288
7602
7672
7364
7453
7469
7510
7492
7705
7602
7406
7662
7445
7697
7718
7608
7706
7509
7323
7630
7419
7440
7426
7705
7464
7727
7377
7348
7562
7328
7311
7642
7448
7573
7735
7614
7362
7395
7518
7305
7548
7351
7707
7424
7346
7595
7381
7462
7476
7520
7526
7622
7499
7580
7451
7652
7547
7346
7588
7436
7395
7431
7425
7491
7304
7460
7644
7687
7748
7526
7716
7409
7426
7402
7400
7418
7428
7486
7667
7446
7546
6238
6116
6178
6386
6080
6350
6107
6280
6245
6362
6099
6362
6103
6157
6380
6337
6412
6172
6465
6426
6322
6068
6341
6266
6343
6447
6289
6087
6332
6095
6313
6280
6233
6042
6381
6431
6442
6055
6046
6122
6090
6162
6222
6476
6041
6392
6031
6288
6063
6222
6071
6080
6375
6070
6137
6102
6087
6194
6107
6188
6412
6422
6433
6148
6072
6395
6255
6161
6099
6332
6228
6218
6459
6068
6296
6164
6253
6417
6283
6278
6396
6206
6462
6389
6222
6088
6260
6128
6307
6162
6254
6464
6253
6403
6039
6270
6038
6238
6333
6294
6333
6352
6349
6325
6109
6040
6348
6358
6184
6105
6319
6414
6365
6271
6312
6181
6338
6282
6349
6230
6138
6237
6273
6308
6407
6326
6108
6265
6342
6144
6194
6318
6068
6379
6434
6287
6202
6127
6167
6276
6438
6207
6435
6223
6282
6112
6249
6352
6427
6162
6348
6142
6463
6207
6152
6089
6306
6436
6369
6360
6159
6132
6392
6131
6476
6047
6396
6130
6188
6185
6115
6038
6236
6191
6345
6456
6115
6110
6265
9638
9568
9789
9525
9716
9611
9518
9627
9834
9685
9560
9849
9748
9809
9530
9731
9790
9613
9805
9430
9790
9619
9546
9448
9460
9742
9601
9729
9668
9713
9642
9434
9472
9615
9742
9833
9848
9768
9560
7908
8197
7871
8181
8283
8279
8137
7994
8255
7943
7931
8221
7981
8081
8280
7924
7917
8041
8134
12130
12038
12041
12333
12334
12103
12132
12232
12303
12368
12155
12229
11977
12365
12312
11996
11949
12150
12211
11953
12138
12091
12004
12223
12138
12093
11932
12073
11961
8165
8113
8119
7921
7877
8101
8164
7903
7905
8148
8069
8067
8189
7907
8221
8275
8146
8188
7919
8246
7957
8280
7996
7873
8290
7992
8289
8065
10442
10357
10435
10388
10411
10263
10354
10316
5840
5947
5863
5878
5851
5700
5899
5805
5832
5733
5702
5932
5914
5940
5939
5923
5678
5939
5673
5787
5876
5855
5994
5934
5694
5828
5958
5794
5852
5939
5767
5694
5805
5700
5828
6003
5685
5925
5673
5838
5683
5795
5751
5916
5681
5806
5793
5689
5685
5770
5702
5761
5845
5833
5676
5933
5981
5810
5850
5972
6000
5811
5886
5700
5877
5860
5917
5684
5723
5961
5843
5915
5841
5946
5935
5871
5986
5740
5915
5744
5972
5712
5817
5991
5972
5980
5809
5903
5774
6003
5787
5866
5831
5982
5770
5851
5845
5740
5867
5894
5842
5902
5676
5697
5862
5865
5769
5941
5750
5693
5991
5905
5839
5947
5815
5694
5929
5839
5712
5736
5855
5804
5801
5983
5706
5820
6000
5948
6010
5845
5809
5710
5987
5812
5812
5745
6009
5807
5762
5920
5792
5830
5819
5827
5971
5861
5874
5806
5901
5736
5867
5810
5710
5976
5810
6001
5769
5980
5885
5752
5747
5970
5688
5947
5946
5878
5826
5687
5789
5926
5827
6010
5761
5825
5885
5955
5840
5880
5680
5790
5713
5988
5960
5823
5715
5706
5682
5757
5888
5886
5885
5842
5821
5772
5888
5720
5714
5728
5865
5936
5798
5715
5814
5975
5768
5989
5870
5876
5970
5811
5789
5917
5956
5718
5769
5993
3672
3435
3550
3600
3701
3634
3538
3623
3414
3645
3455
3590
3715
3661
3461
3517
3446
3445
3455
3647
3541
3661
3503
3664
5648
5844
5791
5623
5919
5766
5615
5661
5932
5859
5881
5931
5748
5696
5684
5837
5883
5712
5834
5709
5709
5905
5861
5713
5861
5776
5767
5621
5923
5712
5697
5769
5919
5761
5884
5880
5643
5790
5740
2232
2240
2222
2285
2265
2414
2437
2291
2373
2324
2333
2343
2364
2427
2373
2381
2272
2361
2281
2227
2238
2296
2294
2380
2348
2356
2300
2275
2358
2381
2285
2420
2379
2242
2304
2231
2374
2274
0
0
0
0
0
0
0
0
0
0
0
0
0
0
0
0
0
0
0
0
0
0
0
0
0
0
0
0
0
0
0
0
0
0
0
0
0
0
0
0
0
0
0
0
0
0
0
0
0
0
0
0
0
0
0
0
0
0
0
0
0
0
0
0
0
0
0
0
0
1455
1464
1412
1505
1530
4171
4214
4065
4215
4062
4138
4127
4191
4088
4073
4154
4179
4264
4156
4126
4227
4279
4134
4195
4226
4027
4134
4048
4217
4169
4041
4112
4215
4094
4240
4116
4176
4156
4203
4191
4269
4211
4104
4112
4036
4219
4022
4111
4136
4248
4208
4034
4277
4116
4213
4236
4145
4275
4113
4194
4061
4184
4160
4087
4058
4268
4277
4113
4225
4168
4190
4173
4168
4136
4087
4277
4260
4059
4054
4244
4199
4102
4116
4072
4263
4145
4272
4070
4064
4122
4212
7378
7542
7512
7533
7468
7517
7404
7303
7273
7551
7379
7588
7461
7525
7411
7522
7529
7415
7453
7335
7418
7576
7429
7284
7300
7518
7515
7505
7390
7589
7391
7293
7406
7382
7295
7444
7337
7562
7311
7389
7552
7296
7290
7485
7406
7458
7287
7349
7366
7322
7473
7560
7593
7329
7358
7459
8929
8871
8910
9027
9005
8769
8952
9000
8772
8901
8940
8877
8879
8810
8852
8789
8871
8712
8779
8815
9024
8885
8748
8710
8712
8794
8795
9010
8958
8795
8843
8998
8881
8753
8933
8758
8876
8844
8973
8765
8996
8984
9030
8902
8775
8912
8928
8738
8762
8777
8919
8838
8813
8865
8738
8933
8995
8815
8871
8967
8940
8810
8813
8929
8895
8996
7465
7589
7287
7576
7558
7457
7356
7505
7455
7355
7519
7277
7537
7563
7515
7468
7474
7290
7431
7538
7417
7341
7360
7323
7521
7370
7372
7364
7501
7557
7506
7397
7391
7594
7418
7456
7441
7475
7345
7564
7423
7279
7363
7460
7482
7558
7523
7547
7321
7568
7482
7483
7460
7487
7287
7396
7541
7461
7321
7522
7558
7282
7386
7474
7474
7514
7503
7342
7461
7312
7583
7413
7405
7307
7297
7396
7474
7540
7342
7536
7276
7513
7462
7510
7530
7387
7364
7369
7510
7470
7415
7352
7512
7278
7456
7292
7348
7291
7538
7407
7555
7317
7317
7338
7446
7319
7560
7448
7512
7388
7369
7436
7418
7512
7424
7480
7527
7272
7424
7292
7351
7324
7342
7384
7558
7494
7439
7588
7283
7422
7389
7502
7409
7589
7420
7471
7465
7404
7278
7344
7593
7455
7362
7301
7402
7429
7526
7545
7287
7504
7545
7534
7400
7402
7453
7575
7273
7422
7462
7312
7323
7573
7297
7461
7372
7524
7468
7289
7524
7326
7362
7484
7283
7491
7320
7545
7308
7588
7473
7537
7344
7582
7270
7370
7517
7392
7341
7573
7300
7325
7289
7442
7530
7527
7576
7417
7504
7442
7387
7446
7555
7452
7501
7542
7305
7528
7492
7336
7461
7477
7303
7478
7282
7362
11834
11783
11542
11693
11774
11646
11563
11825
11745
11579
11632
11677
11722
11478
11797
11531
11484
11592
11569
11469
11876
11492
11617
11563
11570
11807
11581
11861
11655
11501
11769
11665
11726
11724
11539
11723
11816
11726
11755
11471
11732
11617
11595
11709
11815
11525
11618
11730
11530
11469
11546
11607
11615
11466
11475
11737
11664
11800
11508
11626
11755
11762
11807
11655
11482
11804
11717
11812
11753
11585
11631
11746
10208
10263
10435
10465
10273
10348
10190
10277
10372
10275
10104
10255
10361
10128
10085
10339
10300
10185
10379
10304
10286
10262
10391
10386
10386
10305
10162
10154
10111
10215
10302
10198
10404
10291
10446
10103
10276
10194
10468
10270
10081
10119
10384
10160
10118
10057
10307
10417
10247
10148
10380
10431
10262
10410
10340
10330
10124
10449
10088
10141
10288
10155
10278
10074
10360
6810
7103
7158
6838
7074
6873
7043
6953
7121
6994
7024
9777
9477
9700
9609
9631
9525
9653
7041
6990
7016
7021
7045
7105
7054
6907
6987
7177
7107
7080
6806
7143
6939
6877
6882
7214
6998
7103
6860
7174
6999
6867
6925
7001
6912
7010
7165
8691
8762
8988
8924
8791
8998
8975
8660
8682
8951
8748
8850
8889
8883
8831
8792
6993
6932
7083
7140
6829
7218
7024
7067
6974
2685
2631
2848
2676
2664
2657
2811
2784
2865
2712
2867
2687
2758
2846
2776
2759
2646
2795
2847
2713
2843
2829
2764
2721
2698
2792
2758
2652
2833
2830
2858
2777
2744
2808
2857
2622
2842
2624
2833
2653
2870
2745
2790
2706
2790
2645
2828
2859
2666
2767
2843
7201
6962
6919
7040
7225
7262
6873
6952
7191
7111
7187
7058
7035
6903
7042
7068
7067
6958
7214
7130
7227
7193
8774
8970
9040
8750
8764
9081
8782
8948
8795
8870
8969
8718
9033
9047
8911
8839
8827
9019
9003
8949
8909
8971
8900
8980
9031
8895
8722
8719
8808
8787
8883
8700
8730
8923
9086
8705
8915
8821
8857
8774
8885
8952
8910
8789
9070
8945
8984
8831
8886
8905
8946
8942
9027
8919
8722
9067
8877
8996
9050
8781
9046
9106
8788
8827
9066
8947
9043
8802
8752
8881
9030
9071
8790
9071
8819
8985
8701
8791
8942
9123
8722
9003
8991
8738
8807
8991
9010
8834
9076
8843
8790
8752
8810
8786
9118
9083
9036
9070
9002
8719
8869
8736
9079
8934
9013
8995
9021
9103
8739
8722
9012
9077
9057
8829
8950
8941
8774
9029
8950
8756
8767
8869
8805
9083
8841
8782
8954
13121
12897
13239
11028
10995
11306
11217
11052
11336
11045
8518
8653
8712
8451
8787
8742
8408
8501
8609
8570
8441
8442
8417
8803
8695
8611
8805
4547
4262
4230
4476
4322
4278
4308
4346
4535
4198
4227
4243
4327
4407
4282
4292
4212
4317
4228
4170
4335
4465
4261
4408
4464
4487
4500
4366
4413
4458
4334
4479
4259
4302
4155
4240
4475
4428
4512
4522
4484
4483
4454
4232
4467
4254
4423
4436
4181
4359
4260
4179
4293
4233
4376
4270
4459
4233
4164
4255
4545
4190
4271
0
0
0
0
0
0
0
0
0
0
0
0
0
0
0
0
0
0
0
0
0
0
0
0
0
0
0
0
0
0
0
0
0
0
0
0
0
0
0
0
0
0
0
0
0
0
0
0
0
0
0
0
0
0
0
0
0
0
0
0
0
0
0
0
0
0
0
0
0
0
0
0
0
0
0
0
0
0
0
0
0
0
0
0
0
0
0
0
0
0
0
0
0
0
0
0
0
0
0
0
0
0
0
0
0
0
0
0
0
0
0
0
0
0
0
0
0
0
0
0
0
0
0
0
0
0
0
0
0
0
0
0
0
0
0
0
0
0
0
0
0
0
0
0
0
0
0
0
0
0
0
0
0
0
0
0
0
0
0
0
0
0
0
0
0
0
0
0
0
0
0
0
0
0
0
0
0
0
0
0
0
0
0
0
0
0
0
0
0
0
0
0
0
0
0
0
0
0
0
0
0
0
0
0
0
0
0
0
0
0
0
0
0
0
0
0
0
0
0
0
0
0
0
0
0
0
0
0
0
0
0
0
0
0
0
0
0
0
0
0
0
0
0
0
0
0
0
0
0
0
0
0
0
0
0
0
0
0
0
0
0
0
0
0
0
0
0
0
0
0
0
0
0
0
0
0
0
0
0
0
0
0
0
0
0
0
0
0
0
0
0
0
0
3607
3665
3512
3565
3527
3522
3462
3608
3667
3484
3664
3513
3671
3612
3379
3547
3456
3505
3376
3379
3436
3500
3452
3623
3486
3535
3650
3614
3451
3406
3610
3469
3429
3613
3679
3621
3480
3407
3679
3515
3533
3535
3537
3573
3421
3557
3400
3360
3657
3427
3624
3495
3485
3570
3625
3550
3369
3500
3472
3457
3448
3486
3530
3446
3517
3363
3639
3612
3454
3651
3646
3439
3436
3454
3381
3584
7966
8053
7840
7911
7806
7818
8027
7907
7784
7931
8058
7951
7763
7808
7800
8159
8059
8149
8043
7883
7822
7788
8089
7878
8142
8021
7855
7907
7814
8023
7897
7840
8074
7766
7778
7830
7804
8143
7830
7954
7981
8016
7813
7924
7848
7787
7992
7827
7912
7967
8091
8032
8140
7936
7930
7800
8021
7925
7960
8105
7972
8015
7861
8027
8016
7979
8163
8006
7867
7751
8135
8096
7966
7874
7858
8033
7824
8071
8073
4679
4786
4435
4712
4718
4616
4760
4737
4514
4728
4406
4606
4689
4568
4658
4535
4787
4622
4825
4585
4539
4774
4782
4733
4691
4508
4641
4720
4535
4713
4558
4587
4803
4478
4472
4604
4783
4456
4658
4696
4587
4675
8376
8099
8174
8121
8467
8193
8147
8083
8141
8487
8458
8488
8185
8199
8139
8154
8271
8197
8311
8328
8087
8468
8233
8355
8204
8092
8095
8357
8167
8329
8090
8116
8170
8369
8128
8263
8138
8469
8430
8315
12908
12914
13068
13188
13201
13324
13054
12962
12990
13076
13171
13261
13247
12855
13301
13099
13215
13318
13075
13137
12872
12971
12934
12981
13262
13283
13155
13311
13316
13312
13253
13286
13216
13069
12895
13147
13174
13173
12893
13309
13006
12966
12940
13241
13300
12878
13126
13189
13101
12943
13229
13159
13221
13002
12855
13120
13230
13242
13143
13131
13147
13198
13247
12932
12916
12987
12890
13306
13082
13062
13224
13069
13277
12969
13322
13039
13104
12895
13117
13284
12955
13191
13143
13318
12960
13106
13291
12880
13330
13128
13065
13272
13144
13188
13221
13045
13216
13054
12893
13311
9573
9485
9286
9399
9451
9607
9568
9280
5090
5219
5074
5072
4999
5145
4920
4939
4956
5021
4970
4984
5136
5078
4977
5164
5220
5068
4915
4996
5114
5193
5188
5229
5094
5074
5163
5067
4828
4827
5222
5198
4929
5102
5149
5117
5112
4902
4798
5151
4950
4844
4903
4956
4824
5184
5004
4903
5089
4946
4939
5112
4877
4867
5018
5051
4854
4804
5205
4975
5042
5009
5235
5008
4867
5154
4797
4801
4910
5237
5123
4868
5050
4916
4812
5083
5206
5169
5058
5001
5033
4976
5041
5119
5058
4844
4875
4841
5245
5232
4841
5118
4919
4908
4856
5080
5121
4804
5249
5090
5216
5152
4784
4940
4786
5070
4784
5129
4995
5168
5006
5043
4843
5145
4981
4887
5008
4977
5137
5133
4878
5011
4893
4949
5187
4878
5222
4855
5175
5102
4885
5030
5089
5101
4868
5035
5052
4842
5099
5171
5149
4927
5099
5170
5239
4848
5190
5005
4922
4841
5246
4897
5228
5134
4812
4784
5247
4831
5251
5090
5013
5027
5165
5036
4902
5224
5075
5182
4999
5214
5010
4782
5149
4982
5233
4931
5171
5085
4973
4808
4832
5129
5007
4837
4796
5139
5075
5115
4993
5171
4915
5188
4896
5061
4811
5052
5242
4963
5247
4933
5221
4871
5151
5060
4983
4858
4934
4967
4812
4778
5182
5159
4803
4991
5155
5209
5129
4793
4985
5119
5038
5058
5152
5211
4937
4889
4787
5003
5186
5101
5218
4874
5151
4844
4954
4987
5080
4803
5192
5046
4816
4983
5000
4828
4988
4818
4974
4968
5093
5067
5107
4836
4791
4997
0
0
0
0
0
0
0
0
0
0
0
0
0
0
0
0
0
0
0
0
0
0
0
0
0
0
0
0
0
0
0
0
0
0
0
0
0
0
0
0
0
0
0
0
0
0
0
0
0
0
0
0
0
0
0
0
0
0
0
0
0
0
0
0
0
0
0
0
0
0
0
0
0
0
0
0
0
0
0
0
0
0
0
0
0
0
0
0
0
0
0
0
2632
2778
2812
2763
2764
0
0
0
0
0
0
0
0
0
0
0
0
0
0
0
0
0
0
0
0
0
0
0
0
0
0
0
0
0
0
0
0
0
0
0
0
0
0
0
0
0
0
0
0
0
0
0
0
0
0
0
0
0
0
0
0
0
0
0
0
0
0
0
0
0
0
0
0
0
0
0
0
0
0
0
0
0
0
0
0
0
0
0
0
0
0
0
0
0
0
0
0
0
0
0
0
0
0
0
0
0
0
3344
3428
3471
3383
3430
3449
3546
3346
3440
3514
3424
3531
3402
3314
3346
3278
3225
3302
3424
3417
3440
3266
3337
3293
3330
3413
3310
3397
3498
3371
3331
3316
3399
8139
8009
8300
7893
8083
8190
8138
7972
7990
8151
7928
8113
8187
8065
7897
8040
7898
7998
8181
8101
8281
8019
8291
8226
8283
7949
8250
7884
8053
8303
8236
8129
8087
8316
8198
8094
7887
7960
7919
7880
10190
10028
10348
10205
10201
10214
10401
10128
10154
10068
10118
10068
10395
10065
10268
10340
10101
9983
10185
10182
10321
10035
10107
10435
10300
10304
10359
10047
10043
10163
9984
10059
10117
10040
10334
10358
9999
10392
10042
10123
9983
10311
10041
10247
10052
10411
10025
10208
10435
10184
9986
9982
10380
10245
10310
10400
10042
10373
10236
9998
10431
10152
10141
10324
10141
10064
10263
10346
10404
10169
10403
10161
10103
10133
10098
10409
10341
10213
10059
10193
10384
10059
10144
10203
10377
10123
10110
10189
10347
10059
10409
10192
10327
10123
10315
10380
10019
10279
10046
9991
10089
10371
10122
10227
10007
10012
10084
10073
10170
10196
10365
10325
10110
10421
10041
10372
10065
10041
10376
10301
10004
10409
10247
10323
10426
10080
10241
10296
10232
10190
10337
10257
10416
10301
10046
10210
10139
10382
10283
10149
10036
10302
10239
10287
10268
10043
10258
10172
10060
10005
10400
10124
10425
10418
10072
10000
10267
10201
10009
10029
10214
10109
10275
9997
10354
10413
10154
10240
10080
9987
10293
10014
10027
10181
10044
10274
10001
10315
10004
10121
10022
10084
10139
10257
10378
10284
10194
10036
10031
9984
10240
10383
10347
10276
10198
10207
10299
10052
10178
10240
10091
10203
10125
10089
10237
10146
10406
10376
10290
10276
10031
6891
6990
7221
7214
10042
9944
9698
9743
10091
9826
9830
9982
9950
9878
9935
10119
10019
9674
9914
10100
10112
9945
9777
10087
9876
9692
9690
9757
9972
9996
9873
9846
9713
9892
9695
9819
9867
9977
10119
9765
9696
9723
10118
10037
9714
9843
9886
9986
9681
10048
9840
9824
9733
9693
9753
9750
9975
9812
9751
9745
10067
10051
9712
10106
10119
9958
9754
9819
9943
9742
9808
9729
9886
9899
9999
10012
10123
10018
9683
9905
9771
9776
9902
9696
9976
9777
9751
9794
9725
9932
9930
9962
9903
9879
9969
9826
9751
9730
10118
9728
9827
10096
9973
9975
10097
9675
9762
9982
10030
9989
9766
10024
9817
9741
9706
9895
10091
9683
10091
10008
9769
9882
9998
9978
9867
10101
10048
9760
9986
10003
9969
10025
10125
9846
9719
9776
9784
10038
9885
9703
9864
9991
9766
9970
10078
10047
9724
9782
9949
9861
9829
10088
9866
9703
9676
9902
9776
9955
9749
9940
9823
9877
10065
9915
9913
10069
9987
9773
9975
9829
9942
9989
10017
10080
9683
9747
9864
9949
10044
10114
9677
10049
6758
6980
6989
6974
6991
6886
6849
6796
7029
6941
7046
6819
7091
7039
7095
6948
6820
7029
6918
7211
6800
7059
7006
6849
6905
7006
7165
6890
6968
7063
6955
6854
6968
7137
7217
6903
6884
6886
6937
6893
6956
6958
6867
7073
7038
6791
6921
6820
6915
7175
7048
6852
6766
6998
6998
7093
7042
7169
6761
7031
7128
6847
6826
7028
6917
7014
6943
6847
6765
6830
6959
6964
6803
7052
6911
6822
6969
6922
6866
6907
7164
6969
6971
6950
7014
6950
6978
6817
6809
7010
7125
7191
6843
7121
7041
7105
6997
7147
7126
7072
6812
6994
7045
7108
7208
7170
6890
6867
6942
6799
7133
7056
6898
6954
6940
7197
7191
7204
6769
6801
6916
6850
7116
7041
6825
7050
7183
4877
4868
5029
4650
5051
4658
4895
4790
4742
4845
5104
5035
5020
4831
4816
4885
4949
4935
5056
4887
4692
4708
4770
5072
4994
4684
4712
4974
5081
4650
4775
4984
4742
4812
5020
5012
4970
4842
4880
4727
4820
4929
4867
4705
4720
4767
4941
5022
5058
5017
4865
4884
4857
5071
4806
5060
4974
5013
4965
5071
5053
4730
5028
4966
5100
4783
5088
4657
5109
5056
5073
4927
4851
4852
4824
4669
4980
5026
4679
4761
4743
4805
5039
5054
4799
4669
4902
4878
5083
5094
4773
4853
4873
4908
4790
4771
4961
4899
5003
4710
4799
4751
4841
4965
4681
5069
4826
4775
4694
4715
4762
5087
5036
4783
5055
4784
4768
4922
4831
5017
5103
4702
4734
4913
5086
4885
4711
5008
4685
5015
4684
4905
4992
5007
4774
4764
4938
4881
4681
4791
5009
4701
5048
4740
4736
4977
4758
5003
4924
5014
4804
4774
4965
4864
4788
4891
4822
5057
4807
4845
4882
5109
4949
4837
4908
5038
4916
4888
4672
4717
4705
4794
4911
4844
4881
4960
5102
5084
4935
4805
4952
4871
4997
4950
5072
4940
4668
4748
4947
4650
5095
4933
4966
4874
4748
5042
5057
4700
4748
4907
4722
4994
4679
4751
5110
5085
4688
4952
4853
4976
5011
4683
4754
4976
4809
5062
4796
4821
4825
5020
4969
5021
4965
4714
4775
5030
4797
4715
4768
4836
5032
5068
4770
4686
5003
4706
5015
4991
5044
4741
5025
4946
4720
4824
4725
5052
4682
4891
5017
4671
4659
4773
4752
4923
4976
4951
5023
4646
5033
4864
4869
5003
4867
4757
4806
5067
4850
4993
4703
4906
4787
4896
4734
5084
4965
5053
5085
4708
4716
4967
4758
4997
5038
4716
4650
5003
4951
5022
4866
4927
4852
5062
4659
4887
5082
4709
4814
4719
4969
4655
4811
5061
4883
5089
4931
0
0
0
0
0
0
0
0
0
0
0
0
0
0
0
0
0
0
0
0
0
0
0
0
0
0
0
0
0
0
0
0
0
0
0
0
0
0
0
0
0
0
0
0
0
0
0
0
0
0
0
0
0
0
0
0
0
0
0
0
0
0
0
0
0
0
0
0
0
0
0
0
0
0
0
0
0
0
0
0
0
0
0
0
0
0
3709
3664
3624
3675
3476
3747
3703
3548
5142
5333
5201
4996
5013
5232
4994
5331
5295
5158
5321
5303
5186
5200
5129
5279
5057
5130
5037
5034
4996
5236
5109
5292
5178
5320
4989
5133
5232
5220
5319
5066
5184
5331
5037
5081
4995
5154
5110
5217
5286
5060
5182
5141
5090
5314
5136
5090
5328
5310
5081
5238
5172
5017
5041
5069
5269
5235
5282
5206
5229
5135
5135
5314
5207
5008
5197
5009
5206
5003
5258
5152
5057
4999
5208
5260
5021
5204
5090
5115
5175
4999
5063
5166
5178
5242
5202
5237
5048
5298
5144
5252
5311
5022
5076
5079
5036
5082
5052
5046
5026
5253
5059
5250
5019
5198
5035
5312
5042
5095
5288
5241
5117
5122
5089
5199
5183
5162
5066
3677
3587
3523
3785
3604
3618
3788
3793
3760
3456
3656
3664
3703
3757
3737
3475
3484
3636
3475
3566
3639
3658
3776
3467
3786
3584
3585
3573
3778
3696
3765
3669
3562
3792
3788
3702
3625
3574
3791
3636
3682
3517
3528
3488
3786
3740
3723
3528
3623
3738
3784
3583
3669
3757
3724
3671
3546
3569
3539
3649
3624
3543
3592
3495
3653
3625
3543
3737
3742
3680
3548
3616
3609
3466
3740
3672
3489
3760
3623
3630
3463
3544
3458
3498
3686
3564
3531
3577
3490
3670
3758
3686
3596
3718
3564
3560
3550
3668
3461
3737
3669
3629
3773
3731
3524
3645
3771
3536
3741
3560
3689
3708
3716
3690
3757
3755
3551
3723
3559
3775
3742
3711
3754
3633
3597
3668
3627
3638
3746
3529
3610
3733
3737
3504
3783
3608
3733
3495
3585
3790
3592
3784
3499
3702
3728
3477
3591
3565
5311
5613
5540
5411
5515
5431
5614
5295
5626
5390
5397
5612
5320
5489
5460
5439
5576
5511
5299
5545
5480
5518
5436
5564
5346
5555
5442
5467
5431
5350
5567
5506
5556
5370
5496
5546
5560
5430
5566
5429
5458
5459
5541
5571
5464
5349
5325
5455
5456
5357
5400
5403
5351
5548
5335
5578
5311
5386
5527
5332
5319
5388
5579
5484
5637
5354
5539
5493
5298
5365
5326
5544
5552
5322
5488
5347
5417
5417
5388
5531
5607
5546
5337
5351
5409
5331
5412
5443
5539
5337
5471
5319
5541
5318
5406
5471
5620
5297
5362
5619
5312
5598
5394
5553
5508
5302
5487
5442
5588
5514
5445
5579
5619
5538
5351
5295
5534
5486
8874
9029
8844
9067
10796
10703
10970
7263
7417
7460
7390
7199
7240
7381
7339
7515
7241
7417
7496
7518
7387
7250
7495
7528
7405
7318
7408
7232
7313
7438
7271
7389
7347
7268
7460
7487
7335
7308
7425
7252
7246
7321
7400
7308
7404
7448
7269
7413
7310
7410
7487
7521
7371
7378
7221
7213
7276
7447
7298
7360
7543
7267
7409
7470
7395
7308
7514
7441
7460
7212
7459
7311
7496
7484
7375
7408
7470
7492
7449
7305
7525
7524
7329
7429
7248
7487
7526
7294
7514
7500
7534
7393
7402
7237
7222
7380
7366
7325
7277
7238
7317
7343
7205
7258
7531
7403
7478
7527
7446
7231
7226
7421
7356
7499
7379
7215
7539
7217
5488
5618
5537
5677
5515
5495
5403
5393
5521
5592
5538
5655
5386
5578
5595
5673
5641
5560
5597
5679
5532
5649
5450
5528
5619
5579
5666
5563
5694
5446
5410
5690
5453
5514
5493
5474
5423
5361
5391
5611
5692
5652
5520
5467
5460
5542
5470
5580
5511
5391
5428
5462
5549
5518
5538
5617
5475
5529
5630
5554
5446
5688
5414
5548
5702
5683
5430
5623
5601
5461
5592
5646
5652
5613
5676
5489
5701
5707
5620
5569
5610
5490
5637
5702
5421
5382
5488
5583
5467
5540
5570
5580
5657
5412
5372
5525
5634
5419
5442
5411
5471
5592
5462
5533
5493
5555
5478
5471
5487
5605
5534
5455
10751
10349
10481
10477
10633
10650
10433
10577
10377
10510
10595
10633
10440
10527
10589
10487
10424
10596
10454
5612
5508
5453
5463
5625
5575
5623
5673
5569
5500
5381
5614
5585
5399
5435
5457
5421
5615
5407
5703
5587
5441
5572
5503
5527
5383
5450
5363
5436
5496
5646
5555
5574
5389
5702
5568
1941
2047
1938
2064
2055
1929
1984
1958
2016
1956
2066
2020
1914
2043
1917
1934
2005
2033
1997
1980
1930
1933
1940
1956
1957
2048
2016
2048
2011
1910
1970
2065
2013
1993
1931
2041
2048
1970
2002
1896
2064
2048
1988
1970
2042
2039
2009
2011
1995
1941
1883
1964
1940
2061
1974
2014
2034
2018
1995
1913
1929
1940
2039
2061
1895
2016
2065
2036
1962
2046
2037
2069
1928
1942
2058
1948
2025
1993
1973
2059
1921
1915
1944
1981
1964
2021
1999
1987
1893
2046
1926
1940
1893
2020
2011
1907
2037
1916
2025
1920
1949
1924
2030
2061
2054
2055
1985
2044
1974
2001
1927
2019
1911
1982
2047
1976
1933
1990
1977
1955
1886
1973
1939
2026
2037
1929
2019
2043
1895
2067
2009
1956
1990
2052
2003
1891
2059
1936
1883
2011
1906
1915
1944
2025
1907
2013
2008
1957
1989
1998
1986
1961
1937
1977
1984
2026
1938
1988
2064
1923
2003
2049
2052
2045
1945
1893
2047
1926
1970
1971
1954
2003
2044
1970
1889
2038
1890
2018
2031
2014
2049
1906
2039
1890
2007
1918
2000
2060
1957
2024
2007
2049
1920
1918
2009
1884
2048
2010
2044
2068
2034
1908
1899
1891
1929
1929
2042
1902
1967
1975
2014
1887
1953
1981
1997
2009
1957
1913
1953
1986
2009
2070
1997
